vesselCount = 0
UT = 259280747.57519078
gameMode = CAREER
gameNull = False
kspVersion = 1.12.3
funds = 587.58292231131554
science = 2
reputationPercent = 674
ongoingContracts = 0
missionCurrentScore = 2083.92773
missionIsStarted = False
missionIsEnded = False
missionHistoryId = 00000000-0000-0000-0000-000000000000
missionExpansionVersion = 
saveMD5 = 
lastWriteTime = 638242199830322838
