vesselCount = 17
UT = 477934979.04952037
gameMode = CAREER
gameNull = False
kspVersion = 1.12.3
funds = 117274.71259088954
science = 1860
reputationPercent = 5303
ongoingContracts = 0
missionCurrentScore = 13460.1943
missionIsStarted = False
missionIsEnded = False
missionHistoryId = 00000000-0000-0000-0000-000000000000
missionExpansionVersion = 
saveMD5 = 
lastWriteTime = 638301822637166911
