vesselCount = 16
UT = 477751403.7785905
gameMode = CAREER
gameNull = False
kspVersion = 1.12.3
funds = 107761.50749433541
science = 1741
reputationPercent = 5165
ongoingContracts = 1
missionCurrentScore = 13341.1865
missionIsStarted = False
missionIsEnded = False
missionHistoryId = 00000000-0000-0000-0000-000000000000
missionExpansionVersion = 
saveMD5 = 
lastWriteTime = 638301016152078443
