vesselCount = 17
UT = 452280091.96452105
gameMode = CAREER
gameNull = False
kspVersion = 1.12.3
funds = 342.71315389910313
science = 290
reputationPercent = 5101
ongoingContracts = 2
missionCurrentScore = 10795.9346
missionIsStarted = False
missionIsEnded = False
missionHistoryId = 00000000-0000-0000-0000-000000000000
missionExpansionVersion = 
saveMD5 = 
lastWriteTime = 638287217977984395
