vesselCount = 2
UT = 354149485.69586933
gameMode = CAREER
gameNull = False
kspVersion = 1.12.3
funds = 6790.8555615910645
science = 6
reputationPercent = 3151
ongoingContracts = 1
missionCurrentScore = 892.414673
missionIsStarted = False
missionIsEnded = False
missionHistoryId = 00000000-0000-0000-0000-000000000000
missionExpansionVersion = 
saveMD5 = 
lastWriteTime = 638256946858978550
