vesselCount = 2
UT = 349964663.64342159
gameMode = CAREER
gameNull = False
kspVersion = 1.12.3
funds = 868.34445738022646
science = 21
reputationPercent = 3161
ongoingContracts = 1
missionCurrentScore = 892.414673
missionIsStarted = False
missionIsEnded = False
missionHistoryId = 00000000-0000-0000-0000-000000000000
missionExpansionVersion = 
saveMD5 = 
lastWriteTime = 638256080365939805
