vesselCount = 5
UT = 334535454.3001731
gameMode = CAREER
gameNull = False
kspVersion = 1.12.3
funds = 30935.145234254105
science = 13
reputationPercent = 2425
ongoingContracts = 1
missionCurrentScore = 61.8441238
missionIsStarted = False
missionIsEnded = False
missionHistoryId = 00000000-0000-0000-0000-000000000000
missionExpansionVersion = 
saveMD5 = 
lastWriteTime = 638252581428203628
