vesselCount = 16
UT = 470214392.0732463
gameMode = CAREER
gameNull = False
kspVersion = 1.12.3
funds = 40502.673926470168
science = 1243
reputationPercent = 5369
ongoingContracts = 1
missionCurrentScore = 12530.9502
missionIsStarted = False
missionIsEnded = False
missionHistoryId = 00000000-0000-0000-0000-000000000000
missionExpansionVersion = 
saveMD5 = 
lastWriteTime = 638300138752539664
