vesselCount = 10
UT = 430911086.92392063
gameMode = CAREER
gameNull = False
kspVersion = 1.12.3
funds = 13613.345974024514
science = 74
reputationPercent = 4452
ongoingContracts = 3
missionCurrentScore = 7390.69385
missionIsStarted = False
missionIsEnded = False
missionHistoryId = 00000000-0000-0000-0000-000000000000
missionExpansionVersion = 
saveMD5 = 
lastWriteTime = 638280274456390978
