vesselCount = 5
UT = 373897814.26468134
gameMode = CAREER
gameNull = False
kspVersion = 1.12.3
funds = 6659.8234556310435
science = 7
reputationPercent = 3644
ongoingContracts = 2
missionCurrentScore = 2411.94336
missionIsStarted = False
missionIsEnded = False
missionHistoryId = 00000000-0000-0000-0000-000000000000
missionExpansionVersion = 
saveMD5 = 
lastWriteTime = 638261228909317848
