vesselCount = 8
UT = 426796079.55310106
gameMode = CAREER
gameNull = False
kspVersion = 1.12.3
funds = 690.96975876324416
science = 23
reputationPercent = 4548
ongoingContracts = 0
missionCurrentScore = 7129.23633
missionIsStarted = False
missionIsEnded = False
missionHistoryId = 00000000-0000-0000-0000-000000000000
missionExpansionVersion = 
saveMD5 = 
lastWriteTime = 638278478224741032
