vesselCount = 3
UT = 378660537.82270199
gameMode = CAREER
gameNull = False
kspVersion = 1.12.3
funds = 14025.631067688035
science = 189
reputationPercent = 4262
ongoingContracts = 0
missionCurrentScore = 3603.71631
missionIsStarted = False
missionIsEnded = False
missionHistoryId = 00000000-0000-0000-0000-000000000000
missionExpansionVersion = 
saveMD5 = 
lastWriteTime = 638262083580843454
