vesselCount = 12
UT = 512105057.85183108
gameMode = CAREER
gameNull = False
kspVersion = 1.12.3
funds = 9793.7630472023648
science = 2480
reputationPercent = 6861
ongoingContracts = 1
missionCurrentScore = 1258.11072
missionIsStarted = False
missionIsEnded = False
missionHistoryId = 00000000-0000-0000-0000-000000000000
missionExpansionVersion = 
saveMD5 = 
lastWriteTime = 638317384437375832
