vesselCount = 0
UT = 101322307.92694914
gameMode = CAREER
gameNull = False
kspVersion = 1.12.3
funds = 1225.6950241541417
science = 7
reputationPercent = 223
ongoingContracts = 0
missionCurrentScore = 270.881165
missionIsStarted = False
missionIsEnded = False
missionHistoryId = 00000000-0000-0000-0000-000000000000
missionExpansionVersion = 
saveMD5 = 
lastWriteTime = 638220639183911233
