vesselCount = 0
UT = 297010134.2775228
gameMode = CAREER
gameNull = False
kspVersion = 1.12.3
funds = 3159.0305411695517
science = 4
reputationPercent = 2378
ongoingContracts = 2
missionCurrentScore = 35.8938141
missionIsStarted = False
missionIsEnded = False
missionHistoryId = 00000000-0000-0000-0000-000000000000
missionExpansionVersion = 
saveMD5 = 
lastWriteTime = 638247445234759509
