vesselCount = 16
UT = 464877249.4485597
gameMode = CAREER
gameNull = False
kspVersion = 1.12.3
funds = 24683.890386675637
science = 912
reputationPercent = 5519
ongoingContracts = 1
missionCurrentScore = 12200.0273
missionIsStarted = False
missionIsEnded = False
missionHistoryId = 00000000-0000-0000-0000-000000000000
missionExpansionVersion = 
saveMD5 = 
lastWriteTime = 638291530780493629
