vesselCount = 17
UT = 451766504.00469697
gameMode = CAREER
gameNull = False
kspVersion = 1.12.3
funds = 27496.98001603338
science = 273
reputationPercent = 5115
ongoingContracts = 1
missionCurrentScore = 10763.2451
missionIsStarted = False
missionIsEnded = False
missionHistoryId = 00000000-0000-0000-0000-000000000000
missionExpansionVersion = 
saveMD5 = 
lastWriteTime = 638287201967383615
