vesselCount = 3
UT = 410242866.03285295
gameMode = CAREER
gameNull = False
kspVersion = 1.12.3
funds = 29642.821951970385
science = 37
reputationPercent = 3963
ongoingContracts = 0
missionCurrentScore = 4549.55566
missionIsStarted = False
missionIsEnded = False
missionHistoryId = 00000000-0000-0000-0000-000000000000
missionExpansionVersion = 
saveMD5 = 
lastWriteTime = 638268199121070477
