vesselCount = 0
UT = 129524516.27148771
gameMode = CAREER
gameNull = False
kspVersion = 1.12.3
funds = 10459.1310102558
science = 11
reputationPercent = 251
ongoingContracts = 0
missionCurrentScore = 612.764404
missionIsStarted = False
missionIsEnded = False
missionHistoryId = 00000000-0000-0000-0000-000000000000
missionExpansionVersion = 
saveMD5 = 
lastWriteTime = 638222328564680004
