vesselCount = 0
UT = 314676625.90030712
gameMode = CAREER
gameNull = False
kspVersion = 1.12.3
funds = 68492.801039171987
science = 4
reputationPercent = 2311
ongoingContracts = 1
missionCurrentScore = 35.8938141
missionIsStarted = False
missionIsEnded = False
missionHistoryId = 00000000-0000-0000-0000-000000000000
missionExpansionVersion = 
saveMD5 = 
lastWriteTime = 638248319809179020
