vesselCount = 1
UT = 368858590.90831161
gameMode = CAREER
gameNull = False
kspVersion = 1.12.3
funds = 22938.779224775659
science = 15
reputationPercent = 3596
ongoingContracts = 2
missionCurrentScore = 1790.03735
missionIsStarted = False
missionIsEnded = False
missionHistoryId = 00000000-0000-0000-0000-000000000000
missionExpansionVersion = 
saveMD5 = 
lastWriteTime = 638260348511631824
