vesselCount = 1
UT = 344604146.92208654
gameMode = CAREER
gameNull = False
kspVersion = 1.12.3
funds = 2355.6769959206154
science = 20
reputationPercent = 3106
ongoingContracts = 1
missionCurrentScore = 426.505402
missionIsStarted = False
missionIsEnded = False
missionHistoryId = 00000000-0000-0000-0000-000000000000
missionExpansionVersion = 
saveMD5 = 
lastWriteTime = 638255993800525488
