vesselCount = 0
UT = 268399738.03521284
gameMode = CAREER
gameNull = False
kspVersion = 1.12.3
funds = 7846.5224512736877
science = 2
reputationPercent = 642
ongoingContracts = 0
missionCurrentScore = 2083.92773
missionIsStarted = False
missionIsEnded = False
missionHistoryId = 00000000-0000-0000-0000-000000000000
missionExpansionVersion = 
saveMD5 = 
lastWriteTime = 638242204801141014
