vesselCount = 14
UT = 443657424.47139001
gameMode = CAREER
gameNull = False
kspVersion = 1.12.3
funds = 19826.769130678516
science = 427
reputationPercent = 5029
ongoingContracts = 2
missionCurrentScore = 9558.97559
missionIsStarted = False
missionIsEnded = False
missionHistoryId = 00000000-0000-0000-0000-000000000000
missionExpansionVersion = 
saveMD5 = 
lastWriteTime = 638284618843551537
