vesselCount = 0
UT = 120610757.27298258
gameMode = CAREER
gameNull = False
kspVersion = 1.12.3
funds = 23240.78941548619
science = 3
reputationPercent = 181
ongoingContracts = 1
missionCurrentScore = 323.476013
missionIsStarted = False
missionIsEnded = False
missionHistoryId = 00000000-0000-0000-0000-000000000000
missionExpansionVersion = 
saveMD5 = 
lastWriteTime = 638221313415636275
