vesselCount = 0
UT = 315326150.6870417
gameMode = CAREER
gameNull = False
kspVersion = 1.12.3
funds = 63738.696942721355
science = 4
reputationPercent = 2304
ongoingContracts = 1
missionCurrentScore = 35.8938141
missionIsStarted = False
missionIsEnded = False
missionHistoryId = 00000000-0000-0000-0000-000000000000
missionExpansionVersion = 
saveMD5 = 
lastWriteTime = 638250863193874778
