vesselCount = 17
UT = 462016789.15257782
gameMode = CAREER
gameNull = False
kspVersion = 1.12.3
funds = 48615.064407815291
science = 519
reputationPercent = 5149
ongoingContracts = 1
missionCurrentScore = 11254.7168
missionIsStarted = False
missionIsEnded = False
missionHistoryId = 00000000-0000-0000-0000-000000000000
missionExpansionVersion = 
saveMD5 = 
lastWriteTime = 638288942583916513
