vesselCount = 5
UT = 336651551.33792377
gameMode = CAREER
gameNull = False
kspVersion = 1.12.3
funds = 29559.158637042976
science = 13
reputationPercent = 2595
ongoingContracts = 1
missionCurrentScore = 61.8441238
missionIsStarted = False
missionIsEnded = False
missionHistoryId = 00000000-0000-0000-0000-000000000000
missionExpansionVersion = 
saveMD5 = 
lastWriteTime = 638253428464569837
