vesselCount = 1
UT = 248644702.92386332
gameMode = CAREER
gameNull = False
kspVersion = 1.12.3
funds = 696.50209652554952
science = 7
reputationPercent = 635
ongoingContracts = 1
missionCurrentScore = 2067.11865
missionIsStarted = False
missionIsEnded = False
missionHistoryId = 00000000-0000-0000-0000-000000000000
missionExpansionVersion = 
saveMD5 = 
lastWriteTime = 638239477890420792
