vesselCount = 0
UT = 169812211.39585987
gameMode = CAREER
gameNull = False
kspVersion = 1.12.3
funds = 1.6058511897854539
science = 2
reputationPercent = 277
ongoingContracts = 0
missionCurrentScore = 995.580261
missionIsStarted = False
missionIsEnded = False
missionHistoryId = 00000000-0000-0000-0000-000000000000
missionExpansionVersion = 
saveMD5 = 
lastWriteTime = 638227546036746889
