vesselCount = 2
UT = 357574492.13984948
gameMode = CAREER
gameNull = False
kspVersion = 1.12.3
funds = 16.60814170747895
science = 43
reputationPercent = 3631
ongoingContracts = 1
missionCurrentScore = 1123.96997
missionIsStarted = False
missionIsEnded = False
missionHistoryId = 00000000-0000-0000-0000-000000000000
missionExpansionVersion = 
saveMD5 = 
lastWriteTime = 638257770337729217
