vesselCount = 3
UT = 380474968.6114769
gameMode = CAREER
gameNull = False
kspVersion = 1.12.3
funds = 5043.2779807475963
science = 12
reputationPercent = 4469
ongoingContracts = 0
missionCurrentScore = 4093.4856
missionIsStarted = False
missionIsEnded = False
missionHistoryId = 00000000-0000-0000-0000-000000000000
missionExpansionVersion = 
saveMD5 = 
lastWriteTime = 638262121998250205
