vesselCount = 3
UT = 410243941.13182765
gameMode = CAREER
gameNull = False
kspVersion = 1.12.3
funds = 19218.577918448158
science = 37
reputationPercent = 3963
ongoingContracts = 1
missionCurrentScore = 4549.55566
missionIsStarted = False
missionIsEnded = False
missionHistoryId = 00000000-0000-0000-0000-000000000000
missionExpansionVersion = 
saveMD5 = 
lastWriteTime = 638269017797946485
