vesselCount = 10
UT = 426812803.95370495
gameMode = CAREER
gameNull = False
kspVersion = 1.12.3
funds = 794.49766971547842
science = 25
reputationPercent = 4548
ongoingContracts = 0
missionCurrentScore = 7133.44043
missionIsStarted = False
missionIsEnded = False
missionHistoryId = 00000000-0000-0000-0000-000000000000
missionExpansionVersion = 
saveMD5 = 
lastWriteTime = 638278505800013244
