vesselCount = 17
UT = 462017134.19224876
gameMode = CAREER
gameNull = False
kspVersion = 1.12.3
funds = 19014.98711795477
science = 520
reputationPercent = 5149
ongoingContracts = 1
missionCurrentScore = 11256.9287
missionIsStarted = False
missionIsEnded = False
missionHistoryId = 00000000-0000-0000-0000-000000000000
missionExpansionVersion = 
saveMD5 = 
lastWriteTime = 638290613169588144
