vesselCount = 0
UT = 276650316.9352659
gameMode = CAREER
gameNull = False
kspVersion = 1.12.3
funds = 5.2818354883542629
science = 2
reputationPercent = 712
ongoingContracts = 2
missionCurrentScore = 158.927734
missionIsStarted = False
missionIsEnded = False
missionHistoryId = 00000000-0000-0000-0000-000000000000
missionExpansionVersion = 
saveMD5 = 
lastWriteTime = 638242234940788339
