vesselCount = 0
UT = 209838038.16042453
gameMode = CAREER
gameNull = False
kspVersion = 1.12.3
funds = 32485.616217529583
science = 5
reputationPercent = 433
ongoingContracts = 0
missionCurrentScore = 1956.92004
missionIsStarted = False
missionIsEnded = False
missionHistoryId = 00000000-0000-0000-0000-000000000000
missionExpansionVersion = 
saveMD5 = 
lastWriteTime = 638231894581818304
