vesselCount = 0
UT = 144673564.20362267
gameMode = CAREER
gameNull = False
kspVersion = 1.12.3
funds = 42613.51743689159
science = 14
reputationPercent = 285
ongoingContracts = 0
missionCurrentScore = 781.820007
missionIsStarted = False
missionIsEnded = False
missionHistoryId = 00000000-0000-0000-0000-000000000000
missionExpansionVersion = 
saveMD5 = 
lastWriteTime = 638222350451226678
