vesselCount = 5
UT = 417930135.00660181
gameMode = CAREER
gameNull = False
kspVersion = 1.12.3
funds = 24553.034028006015
science = 129
reputationPercent = 4204
ongoingContracts = 0
missionCurrentScore = 5449.06836
missionIsStarted = False
missionIsEnded = False
missionHistoryId = 00000000-0000-0000-0000-000000000000
missionExpansionVersion = 
saveMD5 = 
lastWriteTime = 638269926796009247
