vesselCount = 16
UT = 464163319.93199027
gameMode = CAREER
gameNull = False
kspVersion = 1.12.3
funds = 22579.07985879865
science = 910
reputationPercent = 5539
ongoingContracts = 1
missionCurrentScore = 12036.999
missionIsStarted = False
missionIsEnded = False
missionHistoryId = 00000000-0000-0000-0000-000000000000
missionExpansionVersion = 
saveMD5 = 
lastWriteTime = 638290676220609120
