vesselCount = 4
UT = 413822672.53713244
gameMode = CAREER
gameNull = False
kspVersion = 1.12.3
funds = 4010.2949247009901
science = 13
reputationPercent = 4091
ongoingContracts = 0
missionCurrentScore = 4675.00195
missionIsStarted = False
missionIsEnded = False
missionHistoryId = 00000000-0000-0000-0000-000000000000
missionExpansionVersion = 
saveMD5 = 
lastWriteTime = 638269072821685864
