vesselCount = 0
UT = 212607360.73662329
gameMode = CAREER
gameNull = False
kspVersion = 1.12.3
funds = 25630.152512487119
science = 5
reputationPercent = 427
ongoingContracts = 2
missionCurrentScore = 1956.92004
missionIsStarted = False
missionIsEnded = False
missionHistoryId = 00000000-0000-0000-0000-000000000000
missionExpansionVersion = 
saveMD5 = 
lastWriteTime = 638231897468984087
