vesselCount = 1
UT = 258005841.13491017
gameMode = CAREER
gameNull = False
kspVersion = 1.12.3
funds = 5084.9184994835741
science = 2
reputationPercent = 678
ongoingContracts = 0
missionCurrentScore = 2082.34521
missionIsStarted = False
missionIsEnded = False
missionHistoryId = 00000000-0000-0000-0000-000000000000
missionExpansionVersion = 
saveMD5 = 
lastWriteTime = 638239509617532239
