vesselCount = 0
UT = 320866430.54653585
gameMode = CAREER
gameNull = False
kspVersion = 1.12.3
funds = 77637.267479638875
science = 4
reputationPercent = 2297
ongoingContracts = 0
missionCurrentScore = 35.8938141
missionIsStarted = False
missionIsEnded = False
missionHistoryId = 00000000-0000-0000-0000-000000000000
missionExpansionVersion = 
saveMD5 = 
lastWriteTime = 638250895378135638
