vesselCount = 0
UT = 285007452.11295909
gameMode = CAREER
gameNull = False
kspVersion = 1.12.3
funds = 2276.9617853280497
science = 12
reputationPercent = 1045
ongoingContracts = 0
missionCurrentScore = 864.689392
missionIsStarted = False
missionIsEnded = False
missionHistoryId = 00000000-0000-0000-0000-000000000000
missionExpansionVersion = 
saveMD5 = 
lastWriteTime = 638244001103185704
