vesselCount = 0
UT = 302923381.29803449
gameMode = CAREER
gameNull = False
kspVersion = 1.12.3
funds = 11276.70488810055
science = 4
reputationPercent = 2390
ongoingContracts = 0
missionCurrentScore = 35.8938141
missionIsStarted = False
missionIsEnded = False
missionHistoryId = 00000000-0000-0000-0000-000000000000
missionExpansionVersion = 
saveMD5 = 
lastWriteTime = 638247477686713501
