vesselCount = 0
UT = 100015334.8300093
gameMode = CAREER
gameNull = False
kspVersion = 1.12.3
funds = 1224.3305798049075
science = 6
reputationPercent = 142
ongoingContracts = 1
missionCurrentScore = 867.70282
missionIsStarted = False
missionIsEnded = False
missionHistoryId = 00000000-0000-0000-0000-000000000000
missionExpansionVersion = 
saveMD5 = 
lastWriteTime = 638220508889894878
