vesselCount = 3
UT = 410242900.15282041
gameMode = CAREER
gameNull = False
kspVersion = 1.12.3
funds = 29642.647904946371
science = 37
reputationPercent = 3963
ongoingContracts = 0
missionCurrentScore = 4549.55566
missionIsStarted = False
missionIsEnded = False
missionHistoryId = 00000000-0000-0000-0000-000000000000
missionExpansionVersion = 
saveMD5 = 
lastWriteTime = 638268225350499299
