vesselCount = 7
UT = 426268160.87343276
gameMode = CAREER
gameNull = False
kspVersion = 1.12.3
funds = 19423.741185658131
science = 22
reputationPercent = 4560
ongoingContracts = 0
missionCurrentScore = 7127.40625
missionIsStarted = False
missionIsEnded = False
missionHistoryId = 00000000-0000-0000-0000-000000000000
missionExpansionVersion = 
saveMD5 = 
lastWriteTime = 638275961613541024
