vesselCount = 3
UT = 397211455.57362467
gameMode = CAREER
gameNull = False
kspVersion = 1.12.3
funds = 17037.377312010929
science = 37
reputationPercent = 4239
ongoingContracts = 0
missionCurrentScore = 4548.05078
missionIsStarted = False
missionIsEnded = False
missionHistoryId = 00000000-0000-0000-0000-000000000000
missionExpansionVersion = 
saveMD5 = 
lastWriteTime = 638265530734681387
