vesselCount = 17
UT = 477935534.46899068
gameMode = CAREER
gameNull = False
kspVersion = 1.12.3
funds = 117275.95221357093
science = 2196
reputationPercent = 7980
ongoingContracts = 2
missionCurrentScore = 460.394409
missionIsStarted = False
missionIsEnded = False
missionHistoryId = 00000000-0000-0000-0000-000000000000
missionExpansionVersion = 
saveMD5 = 
lastWriteTime = 638301878484680532
