vesselCount = 0
UT = 10929651.839984071
gameMode = CAREER
gameNull = False
kspVersion = 1.12.3
funds = 48745.216715004892
science = 0
reputationPercent = 22
ongoingContracts = 0
missionCurrentScore = 213.632477
missionIsStarted = False
missionIsEnded = False
missionHistoryId = 00000000-0000-0000-0000-000000000000
missionExpansionVersion = 
saveMD5 = 
lastWriteTime = 638208379416796510
