vesselCount = 10
UT = 431214456.15133274
gameMode = CAREER
gameNull = False
kspVersion = 1.12.3
funds = 15733.425548938201
science = 110
reputationPercent = 4745
ongoingContracts = 1
missionCurrentScore = 7462.85352
missionIsStarted = False
missionIsEnded = False
missionHistoryId = 00000000-0000-0000-0000-000000000000
missionExpansionVersion = 
saveMD5 = 
lastWriteTime = 638280305342938940
