vesselCount = 14
UT = 443657454.69136119
gameMode = CAREER
gameNull = False
kspVersion = 1.12.3
funds = 19827.450132518832
science = 427
reputationPercent = 5029
ongoingContracts = 2
missionCurrentScore = 9558.97559
missionIsStarted = False
missionIsEnded = False
missionHistoryId = 00000000-0000-0000-0000-000000000000
missionExpansionVersion = 
saveMD5 = 
lastWriteTime = 638284632672898273
