vesselCount = 14
UT = 443657338.73147178
gameMode = CAREER
gameNull = False
kspVersion = 1.12.3
funds = 19825.784475201195
science = 487
reputationPercent = 5029
ongoingContracts = 2
missionCurrentScore = 9558.97559
missionIsStarted = False
missionIsEnded = False
missionHistoryId = 00000000-0000-0000-0000-000000000000
missionExpansionVersion = 
saveMD5 = 
lastWriteTime = 638283714920816472
