vesselCount = 0
UT = 128993239.83090329
gameMode = CAREER
gameNull = False
kspVersion = 1.12.3
funds = 22135.865745162282
science = 11
reputationPercent = 258
ongoingContracts = 0
missionCurrentScore = 612.764404
missionIsStarted = False
missionIsEnded = False
missionHistoryId = 00000000-0000-0000-0000-000000000000
missionExpansionVersion = 
saveMD5 = 
lastWriteTime = 638221339083601038
