vesselCount = 12
UT = 537525743.19128764
gameMode = CAREER
gameNull = False
kspVersion = 1.12.3
funds = 523409.53538724134
science = 2438
reputationPercent = 6186
ongoingContracts = 0
missionCurrentScore = 1847.07959
missionIsStarted = False
missionIsEnded = False
missionHistoryId = 00000000-0000-0000-0000-000000000000
missionExpansionVersion = 
saveMD5 = 
lastWriteTime = 638317425848582148
