vesselCount = 6
UT = 421508971.66607618
gameMode = CAREER
gameNull = False
kspVersion = 1.12.3
funds = 9630.3012488661207
science = 28
reputationPercent = 4473
ongoingContracts = 1
missionCurrentScore = 6277.70752
missionIsStarted = False
missionIsEnded = False
missionHistoryId = 00000000-0000-0000-0000-000000000000
missionExpansionVersion = 
saveMD5 = 
lastWriteTime = 638272532408158776
