vesselCount = 0
UT = 353791293.69011503
gameMode = CAREER
gameNull = False
kspVersion = 1.12.3
funds = 14446.278600387257
science = 31
reputationPercent = 3155
ongoingContracts = 1
missionCurrentScore = 893.08136
missionIsStarted = False
missionIsEnded = False
missionHistoryId = 00000000-0000-0000-0000-000000000000
missionExpansionVersion = 
saveMD5 = 
lastWriteTime = 638256076497063840
