vesselCount = 12
UT = 512104770.29210532
gameMode = CAREER
gameNull = False
kspVersion = 1.12.3
funds = 9827.6557838995013
science = 2479
reputationPercent = 6861
ongoingContracts = 1
missionCurrentScore = 1257.91003
missionIsStarted = False
missionIsEnded = False
missionHistoryId = 00000000-0000-0000-0000-000000000000
missionExpansionVersion = 
saveMD5 = 
lastWriteTime = 638311342624501380
