vesselCount = 6
UT = 419792722.96653414
gameMode = CAREER
gameNull = False
kspVersion = 1.12.3
funds = 1803.2094890418582
science = 222
reputationPercent = 4513
ongoingContracts = 0
missionCurrentScore = 6175.24658
missionIsStarted = False
missionIsEnded = False
missionHistoryId = 00000000-0000-0000-0000-000000000000
missionExpansionVersion = 
saveMD5 = 
lastWriteTime = 638271592480969545
