vesselCount = 15
UT = 445589177.21496636
gameMode = CAREER
gameNull = False
kspVersion = 1.12.3
funds = 24695.935090238803
science = 497
reputationPercent = 5127
ongoingContracts = 1
missionCurrentScore = 10103.29
missionIsStarted = False
missionIsEnded = False
missionHistoryId = 00000000-0000-0000-0000-000000000000
missionExpansionVersion = 
saveMD5 = 
lastWriteTime = 638285450861849314
