vesselCount = 3
UT = 362674524.01886714
gameMode = CAREER
gameNull = False
kspVersion = 1.12.3
funds = 20371.573009228578
science = 11
reputationPercent = 3713
ongoingContracts = 2
missionCurrentScore = 1704.34912
missionIsStarted = False
missionIsEnded = False
missionHistoryId = 00000000-0000-0000-0000-000000000000
missionExpansionVersion = 
saveMD5 = 
lastWriteTime = 638258640261659590
