vesselCount = 14
UT = 439245542.02631384
gameMode = CAREER
gameNull = False
kspVersion = 1.12.3
funds = 8522.7690558628947
science = 243
reputationPercent = 4553
ongoingContracts = 1
missionCurrentScore = 8392.2168
missionIsStarted = False
missionIsEnded = False
missionHistoryId = 00000000-0000-0000-0000-000000000000
missionExpansionVersion = 
saveMD5 = 
lastWriteTime = 638282909701185051
