vesselCount = 10
UT = 427068707.98155504
gameMode = CAREER
gameNull = False
kspVersion = 1.12.3
funds = 2391.5312731771078
science = 36
reputationPercent = 4542
ongoingContracts = 0
missionCurrentScore = 7155.38232
missionIsStarted = False
missionIsEnded = False
missionHistoryId = 00000000-0000-0000-0000-000000000000
missionExpansionVersion = 
saveMD5 = 
lastWriteTime = 638278523208772618
