vesselCount = 10
UT = 433631473.59021491
gameMode = CAREER
gameNull = False
kspVersion = 1.12.3
funds = 9195.5246062630813
science = 213
reputationPercent = 4687
ongoingContracts = 1
missionCurrentScore = 7670.04932
missionIsStarted = False
missionIsEnded = False
missionHistoryId = 00000000-0000-0000-0000-000000000000
missionExpansionVersion = 
saveMD5 = 
lastWriteTime = 638281209066218293
