vesselCount = 6
UT = 421509193.34586477
gameMode = CAREER
gameNull = False
kspVersion = 1.12.3
funds = 9632.1764904845877
science = 28
reputationPercent = 4473
ongoingContracts = 1
missionCurrentScore = 6277.70752
missionIsStarted = False
missionIsEnded = False
missionHistoryId = 00000000-0000-0000-0000-000000000000
missionExpansionVersion = 
saveMD5 = 
lastWriteTime = 638275166671485395
