vesselCount = 0
UT = 170094728.12908542
gameMode = CAREER
gameNull = False
kspVersion = 1.12.3
funds = 143.97636305040174
science = 2
reputationPercent = 333
ongoingContracts = 0
missionCurrentScore = 1206.92004
missionIsStarted = False
missionIsEnded = False
missionHistoryId = 00000000-0000-0000-0000-000000000000
missionExpansionVersion = 
saveMD5 = 
lastWriteTime = 638227557747799514
