vesselCount = 17
UT = 458512312.87950206
gameMode = CAREER
gameNull = False
kspVersion = 1.12.3
funds = 34735.720331039294
science = 336
reputationPercent = 4940
ongoingContracts = 3
missionCurrentScore = 10888.6787
missionIsStarted = False
missionIsEnded = False
missionHistoryId = 00000000-0000-0000-0000-000000000000
missionExpansionVersion = 
saveMD5 = 
lastWriteTime = 638287230508731847
