vesselCount = 0
UT = 163523399.33068261
gameMode = CAREER
gameNull = False
kspVersion = 1.12.3
funds = 39.209020457876605
science = 2
reputationPercent = 296
ongoingContracts = 0
missionCurrentScore = 995.580261
missionIsStarted = False
missionIsEnded = False
missionHistoryId = 00000000-0000-0000-0000-000000000000
missionExpansionVersion = 
saveMD5 = 
lastWriteTime = 638223183370690140
