vesselCount = 3
UT = 382892493.70152408
gameMode = CAREER
gameNull = False
kspVersion = 1.12.3
funds = 7340.5586748911319
science = 34
reputationPercent = 4413
ongoingContracts = 1
missionCurrentScore = 4136.94873
missionIsStarted = False
missionIsEnded = False
missionHistoryId = 00000000-0000-0000-0000-000000000000
missionExpansionVersion = 
saveMD5 = 
lastWriteTime = 638262126149329869
