vesselCount = 0
UT = 315326014.6871714
gameMode = CAREER
gameNull = False
kspVersion = 1.12.3
funds = 63738.223204595626
science = 4
reputationPercent = 2304
ongoingContracts = 1
missionCurrentScore = 35.8938141
missionIsStarted = False
missionIsEnded = False
missionHistoryId = 00000000-0000-0000-0000-000000000000
missionExpansionVersion = 
saveMD5 = 
lastWriteTime = 638248333231432244
