vesselCount = 5
UT = 341724153.01094687
gameMode = CAREER
gameNull = False
kspVersion = 1.12.3
funds = 844.25944937257782
science = 13
reputationPercent = 3009
ongoingContracts = 1
missionCurrentScore = 282.956604
missionIsStarted = False
missionIsEnded = False
missionHistoryId = 00000000-0000-0000-0000-000000000000
missionExpansionVersion = 
saveMD5 = 
lastWriteTime = 638253452212184242
