vesselCount = 17
UT = 477934718.32976902
gameMode = CAREER
gameNull = False
kspVersion = 1.12.3
funds = 117272.70330836761
science = 1860
reputationPercent = 5303
ongoingContracts = 0
missionCurrentScore = 13460.0947
missionIsStarted = False
missionIsEnded = False
missionHistoryId = 00000000-0000-0000-0000-000000000000
missionExpansionVersion = 
saveMD5 = 
lastWriteTime = 638301065341883438
