vesselCount = 9
UT = 427713115.8554008
gameMode = CAREER
gameNull = False
kspVersion = 1.12.3
funds = 15.985902006927898
science = 68
reputationPercent = 4526
ongoingContracts = 0
missionCurrentScore = 7218.85547
missionIsStarted = False
missionIsEnded = False
missionHistoryId = 00000000-0000-0000-0000-000000000000
missionExpansionVersion = 
saveMD5 = 
lastWriteTime = 638279407003211991
