vesselCount = 17
UT = 461046653.09287637
gameMode = CAREER
gameNull = False
kspVersion = 1.12.3
funds = 44241.388020185863
science = 516
reputationPercent = 5174
ongoingContracts = 1
missionCurrentScore = 11249.2588
missionIsStarted = False
missionIsEnded = False
missionHistoryId = 00000000-0000-0000-0000-000000000000
missionExpansionVersion = 
saveMD5 = 
lastWriteTime = 638288124927354164
