vesselCount = 5
UT = 336650549.79887891
gameMode = CAREER
gameNull = False
kspVersion = 1.12.3
funds = 29559.847404956334
science = 13
reputationPercent = 2595
ongoingContracts = 1
missionCurrentScore = 61.8441238
missionIsStarted = False
missionIsEnded = False
missionHistoryId = 00000000-0000-0000-0000-000000000000
missionExpansionVersion = 
saveMD5 = 
lastWriteTime = 638252594022441647
