vesselCount = 16
UT = 477399066.4511767
gameMode = CAREER
gameNull = False
kspVersion = 1.12.3
funds = 103496.02963799224
science = 1695
reputationPercent = 5174
ongoingContracts = 1
missionCurrentScore = 13295.1074
missionIsStarted = False
missionIsEnded = False
missionHistoryId = 00000000-0000-0000-0000-000000000000
missionExpansionVersion = 
saveMD5 = 
lastWriteTime = 638300195254625519
