vesselCount = 1
UT = 369586536.44318354
gameMode = CAREER
gameNull = False
kspVersion = 1.12.3
funds = 7886.3364239031798
science = 38
reputationPercent = 3725
ongoingContracts = 2
missionCurrentScore = 2387.32422
missionIsStarted = False
missionIsEnded = False
missionHistoryId = 00000000-0000-0000-0000-000000000000
missionExpansionVersion = 
saveMD5 = 
lastWriteTime = 638260371249898719
