vesselCount = 17
UT = 462016873.71249717
gameMode = CAREER
gameNull = False
kspVersion = 1.12.3
funds = 19011.169248507824
science = 520
reputationPercent = 5149
ongoingContracts = 1
missionCurrentScore = 11255.3193
missionIsStarted = False
missionIsEnded = False
missionHistoryId = 00000000-0000-0000-0000-000000000000
missionExpansionVersion = 
saveMD5 = 
lastWriteTime = 638288954144811927
