vesselCount = 1
UT = 295098257.07366687
gameMode = CAREER
gameNull = False
kspVersion = 1.12.3
funds = 726.44290343934813
science = 48
reputationPercent = 1224
ongoingContracts = 0
missionCurrentScore = 1530.34314
missionIsStarted = False
missionIsEnded = False
missionHistoryId = 00000000-0000-0000-0000-000000000000
missionExpansionVersion = 
saveMD5 = 
lastWriteTime = 638246608058902728
