vesselCount = 12
UT = 437574981.17016196
gameMode = CAREER
gameNull = False
kspVersion = 1.12.3
funds = 9025.0067714565139
science = 101
reputationPercent = 4592
ongoingContracts = 1
missionCurrentScore = 8108.95068
missionIsStarted = False
missionIsEnded = False
missionHistoryId = 00000000-0000-0000-0000-000000000000
missionExpansionVersion = 
saveMD5 = 
lastWriteTime = 638282020171890287
