vesselCount = 1
UT = 344603451.04275018
gameMode = CAREER
gameNull = False
kspVersion = 1.12.3
funds = 15775.814631474479
science = 20
reputationPercent = 3106
ongoingContracts = 1
missionCurrentScore = 426.505402
missionIsStarted = False
missionIsEnded = False
missionHistoryId = 00000000-0000-0000-0000-000000000000
missionExpansionVersion = 
saveMD5 = 
lastWriteTime = 638255204625494768
