vesselCount = 0
UT = 52057351.657791488
gameMode = CAREER
gameNull = False
kspVersion = 1.12.3
funds = 30183.246066620432
science = 5
reputationPercent = 87
ongoingContracts = 0
missionCurrentScore = 502.216095
missionIsStarted = False
missionIsEnded = False
missionHistoryId = 00000000-0000-0000-0000-000000000000
missionExpansionVersion = 
saveMD5 = 
lastWriteTime = 638209323236967926
