vesselCount = 3
UT = 378047088.89378548
gameMode = CAREER
gameNull = False
kspVersion = 1.12.3
funds = 10560.43447518534
science = 152
reputationPercent = 4275
ongoingContracts = 0
missionCurrentScore = 3531.15942
missionIsStarted = False
missionIsEnded = False
missionHistoryId = 00000000-0000-0000-0000-000000000000
missionExpansionVersion = 
saveMD5 = 
lastWriteTime = 638261261134514044
