vesselCount = 17
UT = 448508059.63505936
gameMode = CAREER
gameNull = False
kspVersion = 1.12.3
funds = 5437.658109830275
science = 256
reputationPercent = 5050
ongoingContracts = 1
missionCurrentScore = 10322.0781
missionIsStarted = False
missionIsEnded = False
missionHistoryId = 00000000-0000-0000-0000-000000000000
missionExpansionVersion = 
saveMD5 = 
lastWriteTime = 638286370854725987
