vesselCount = 0
UT = 101322219.14696766
gameMode = CAREER
gameNull = False
kspVersion = 1.12.3
funds = 1154.0148720177763
science = 7
reputationPercent = 167
ongoingContracts = 0
missionCurrentScore = 870.881165
missionIsStarted = False
missionIsEnded = False
missionHistoryId = 00000000-0000-0000-0000-000000000000
missionExpansionVersion = 
saveMD5 = 
lastWriteTime = 638220592794565863
