vesselCount = 10
UT = 426825033.13984692
gameMode = CAREER
gameNull = False
kspVersion = 1.12.3
funds = 871.03970208223916
science = 26
reputationPercent = 4546
ongoingContracts = 0
missionCurrentScore = 7134.24854
missionIsStarted = False
missionIsEnded = False
missionHistoryId = 00000000-0000-0000-0000-000000000000
missionExpansionVersion = 
saveMD5 = 
lastWriteTime = 638278510859981211
