vesselCount = 5
UT = 334535487.34014159
gameMode = CAREER
gameNull = False
kspVersion = 1.12.3
funds = 30934.954062686669
science = 13
reputationPercent = 2425
ongoingContracts = 1
missionCurrentScore = 61.8441238
missionIsStarted = False
missionIsEnded = False
missionHistoryId = 00000000-0000-0000-0000-000000000000
missionExpansionVersion = 
saveMD5 = 
lastWriteTime = 638252581771302282
