vesselCount = 17
UT = 448431447.86086148
gameMode = CAREER
gameNull = False
kspVersion = 1.12.3
funds = 47437.277826866244
science = 253
reputationPercent = 5052
ongoingContracts = 1
missionCurrentScore = 10316.1445
missionIsStarted = False
missionIsEnded = False
missionHistoryId = 00000000-0000-0000-0000-000000000000
missionExpansionVersion = 
saveMD5 = 
lastWriteTime = 638286356850656087
