vesselCount = 1
UT = 294416041.9038955
gameMode = CAREER
gameNull = False
kspVersion = 1.12.3
funds = 18897.056290056171
science = 10
reputationPercent = 1097
ongoingContracts = 1
missionCurrentScore = 1387.71704
missionIsStarted = False
missionIsEnded = False
missionHistoryId = 00000000-0000-0000-0000-000000000000
missionExpansionVersion = 
saveMD5 = 
lastWriteTime = 638246586221633082
