vesselCount = 18
UT = 477792586.072366
gameMode = CAREER
gameNull = False
kspVersion = 1.12.3
funds = 108247.12206481065
science = 1775
reputationPercent = 5165
ongoingContracts = 1
missionCurrentScore = 13375.5234
missionIsStarted = False
missionIsEnded = False
missionHistoryId = 00000000-0000-0000-0000-000000000000
missionExpansionVersion = 
saveMD5 = 
lastWriteTime = 638301054019058005
