vesselCount = 3
UT = 361538827.59933424
gameMode = CAREER
gameNull = False
kspVersion = 1.12.3
funds = 13911.060434819752
science = 10
reputationPercent = 3734
ongoingContracts = 0
missionCurrentScore = 1567.14429
missionIsStarted = False
missionIsEnded = False
missionHistoryId = 00000000-0000-0000-0000-000000000000
missionExpansionVersion = 
saveMD5 = 
lastWriteTime = 638258633587945707
