vesselCount = 1
UT = 284696992.18072051
gameMode = CAREER
gameNull = False
kspVersion = 1.12.3
funds = 263.53764125177753
science = 12
reputationPercent = 941
ongoingContracts = 1
missionCurrentScore = 249.359848
missionIsStarted = False
missionIsEnded = False
missionHistoryId = 00000000-0000-0000-0000-000000000000
missionExpansionVersion = 
saveMD5 = 
lastWriteTime = 638243991377194952
