vesselCount = 6
UT = 341847999.1486634
gameMode = CAREER
gameNull = False
kspVersion = 1.12.3
funds = 3936.1616733142819
science = 13
reputationPercent = 3008
ongoingContracts = 1
missionCurrentScore = 282.956604
missionIsStarted = False
missionIsEnded = False
missionHistoryId = 00000000-0000-0000-0000-000000000000
missionExpansionVersion = 
saveMD5 = 
lastWriteTime = 638254327905561213
