vesselCount = 4
UT = 379877484.97231829
gameMode = CAREER
gameNull = False
kspVersion = 1.12.3
funds = 1099.3362672282065
science = 53
reputationPercent = 4235
ongoingContracts = 1
missionCurrentScore = 3649.05249
missionIsStarted = False
missionIsEnded = False
missionHistoryId = 00000000-0000-0000-0000-000000000000
missionExpansionVersion = 
saveMD5 = 
lastWriteTime = 638262102613898022
