vesselCount = 7
UT = 422456464.51158714
gameMode = CAREER
gameNull = False
kspVersion = 1.12.3
funds = 7478.7486661998637
science = 54
reputationPercent = 4451
ongoingContracts = 1
missionCurrentScore = 6330.49512
missionIsStarted = False
missionIsEnded = False
missionHistoryId = 00000000-0000-0000-0000-000000000000
missionExpansionVersion = 
saveMD5 = 
lastWriteTime = 638275943949975828
