vesselCount = 16
UT = 464167348.30181384
gameMode = CAREER
gameNull = False
kspVersion = 1.12.3
funds = 22625.202793461096
science = 923
reputationPercent = 5539
ongoingContracts = 1
missionCurrentScore = 12061.8613
missionIsStarted = False
missionIsEnded = False
missionHistoryId = 00000000-0000-0000-0000-000000000000
missionExpansionVersion = 
saveMD5 = 
lastWriteTime = 638291485654765342
