vesselCount = 6
UT = 419790939.4394142
gameMode = CAREER
gameNull = False
kspVersion = 1.12.3
funds = 1795.2595484432579
science = 174
reputationPercent = 4313
ongoingContracts = 1
missionCurrentScore = 5537.62109
missionIsStarted = False
missionIsEnded = False
missionHistoryId = 00000000-0000-0000-0000-000000000000
missionExpansionVersion = 
saveMD5 = 
lastWriteTime = 638271587574017455
