vesselCount = 16
UT = 476884375.38632947
gameMode = CAREER
gameNull = False
kspVersion = 1.12.3
funds = 97301.062257874946
science = 1561
reputationPercent = 5188
ongoingContracts = 1
missionCurrentScore = 13160.7207
missionIsStarted = False
missionIsEnded = False
missionHistoryId = 00000000-0000-0000-0000-000000000000
missionExpansionVersion = 
saveMD5 = 
lastWriteTime = 638300192195654931
