vesselCount = 1
UT = 315324499.06474906
gameMode = CAREER
gameNull = False
kspVersion = 1.12.3
funds = 63726.704503932357
science = 4
reputationPercent = 2304
ongoingContracts = 1
missionCurrentScore = 35.8938141
missionIsStarted = False
missionIsEnded = False
missionHistoryId = 00000000-0000-0000-0000-000000000000
missionExpansionVersion = 
saveMD5 = 
lastWriteTime = 638248331196952588
