vesselCount = 1
UT = 278246308.51873922
gameMode = CAREER
gameNull = False
kspVersion = 1.12.3
funds = 670.49208810492496
science = 2
reputationPercent = 706
ongoingContracts = 2
missionCurrentScore = 158.927734
missionIsStarted = False
missionIsEnded = False
missionHistoryId = 00000000-0000-0000-0000-000000000000
missionExpansionVersion = 
saveMD5 = 
lastWriteTime = 638242251449737325
