vesselCount = 18
UT = 461045053.38518792
gameMode = CAREER
gameNull = False
kspVersion = 1.12.3
funds = 42429.483067643843
science = 445
reputationPercent = 4875
ongoingContracts = 3
missionCurrentScore = 11106.7803
missionIsStarted = False
missionIsEnded = False
missionHistoryId = 00000000-0000-0000-0000-000000000000
missionExpansionVersion = 
saveMD5 = 
lastWriteTime = 638288115074327639
