vesselCount = 1
UT = 330538843.85765409
gameMode = CAREER
gameNull = False
kspVersion = 1.12.3
funds = 412.28159429094075
science = 4
reputationPercent = 2265
ongoingContracts = 0
missionCurrentScore = 35.8938141
missionIsStarted = False
missionIsEnded = False
missionHistoryId = 00000000-0000-0000-0000-000000000000
missionExpansionVersion = 
saveMD5 = 
lastWriteTime = 638251775571245493
