vesselCount = 12
UT = 491271184.38802385
gameMode = CAREER
gameNull = False
kspVersion = 1.12.3
funds = 13401.806949188034
science = 2420
reputationPercent = 7641
ongoingContracts = 1
missionCurrentScore = 1198.40063
missionIsStarted = False
missionIsEnded = False
missionHistoryId = 00000000-0000-0000-0000-000000000000
missionExpansionVersion = 
saveMD5 = 
lastWriteTime = 638311325824202843
