vesselCount = 5
UT = 417928990.4739176
gameMode = CAREER
gameNull = False
kspVersion = 1.12.3
funds = 24541.937180178356
science = 90
reputationPercent = 4004
ongoingContracts = 1
missionCurrentScore = 4827.85059
missionIsStarted = False
missionIsEnded = False
missionHistoryId = 00000000-0000-0000-0000-000000000000
missionExpansionVersion = 
saveMD5 = 
lastWriteTime = 638269917276716474
