vesselCount = 12
UT = 437574438.63906819
gameMode = CAREER
gameNull = False
kspVersion = 1.12.3
funds = 9017.0249276984141
science = 100
reputationPercent = 4592
ongoingContracts = 1
missionCurrentScore = 8107.78857
missionIsStarted = False
missionIsEnded = False
missionHistoryId = 00000000-0000-0000-0000-000000000000
missionExpansionVersion = 
saveMD5 = 
lastWriteTime = 638282015829439612
