vesselCount = 15
UT = 445313659.27445549
gameMode = CAREER
gameNull = False
kspVersion = 1.12.3
funds = 21316.99813619085
science = 460
reputationPercent = 4984
ongoingContracts = 2
missionCurrentScore = 9624.77441
missionIsStarted = False
missionIsEnded = False
missionHistoryId = 00000000-0000-0000-0000-000000000000
missionExpansionVersion = 
saveMD5 = 
lastWriteTime = 638285440793241311
