vesselCount = 1
UT = 289018145.6885038
gameMode = CAREER
gameNull = False
kspVersion = 1.12.3
funds = 19621.475688674516
science = 12
reputationPercent = 1023
ongoingContracts = 1
missionCurrentScore = 864.689392
missionIsStarted = False
missionIsEnded = False
missionHistoryId = 00000000-0000-0000-0000-000000000000
missionExpansionVersion = 
saveMD5 = 
lastWriteTime = 638244851446154750
