vesselCount = 3
UT = 378038117.91638637
gameMode = CAREER
gameNull = False
kspVersion = 1.12.3
funds = 10508.772393201127
science = 149
reputationPercent = 4038
ongoingContracts = 0
missionCurrentScore = 3523.90088
missionIsStarted = False
missionIsEnded = False
missionHistoryId = 00000000-0000-0000-0000-000000000000
missionExpansionVersion = 
saveMD5 = 
lastWriteTime = 638261256941538610
