vesselCount = 16
UT = 464159212.80082434
gameMode = CAREER
gameNull = False
kspVersion = 1.12.3
funds = 22530.994091273329
science = 888
reputationPercent = 5539
ongoingContracts = 1
missionCurrentScore = 11992.0225
missionIsStarted = False
missionIsEnded = False
missionHistoryId = 00000000-0000-0000-0000-000000000000
missionExpansionVersion = 
saveMD5 = 
lastWriteTime = 638290674347532145
