vesselCount = 10
UT = 431212059.96589416
gameMode = CAREER
gameNull = False
kspVersion = 1.12.3
funds = 15714.962928154342
science = 84
reputationPercent = 4446
ongoingContracts = 3
missionCurrentScore = 7410.37598
missionIsStarted = False
missionIsEnded = False
missionHistoryId = 00000000-0000-0000-0000-000000000000
missionExpansionVersion = 
saveMD5 = 
lastWriteTime = 638280300327390089
