vesselCount = 10
UT = 433626646.09660882
gameMode = CAREER
gameNull = False
kspVersion = 1.12.3
funds = 9154.7009289325124
science = 212
reputationPercent = 4687
ongoingContracts = 1
missionCurrentScore = 7666.17676
missionIsStarted = False
missionIsEnded = False
missionHistoryId = 00000000-0000-0000-0000-000000000000
missionExpansionVersion = 
saveMD5 = 
lastWriteTime = 638281201541838337
