vesselCount = 15
UT = 443049236.58474821
gameMode = CAREER
gameNull = False
kspVersion = 1.12.3
funds = 12792.533266979526
science = 385
reputationPercent = 4714
ongoingContracts = 3
missionCurrentScore = 8677.95313
missionIsStarted = False
missionIsEnded = False
missionHistoryId = 00000000-0000-0000-0000-000000000000
missionExpansionVersion = 
saveMD5 = 
lastWriteTime = 638283704733171496
