vesselCount = 15
UT = 439244844.92658669
gameMode = CAREER
gameNull = False
kspVersion = 1.12.3
funds = 8517.828156311436
science = 243
reputationPercent = 4553
ongoingContracts = 1
missionCurrentScore = 8392.2168
missionIsStarted = False
missionIsEnded = False
missionHistoryId = 00000000-0000-0000-0000-000000000000
missionExpansionVersion = 
saveMD5 = 
lastWriteTime = 638282888817274888
