vesselCount = 4
UT = 413815001.04376233
gameMode = CAREER
gameNull = False
kspVersion = 1.12.3
funds = 3940.8851474064495
science = 38
reputationPercent = 3891
ongoingContracts = 1
missionCurrentScore = 4551.35791
missionIsStarted = False
missionIsEnded = False
missionHistoryId = 00000000-0000-0000-0000-000000000000
missionExpansionVersion = 
saveMD5 = 
lastWriteTime = 638269047318717516
