vesselCount = 3
UT = 354169343.56846321
gameMode = CAREER
gameNull = False
kspVersion = 1.12.3
funds = 6918.1670283231879
science = 57
reputationPercent = 3505
ongoingContracts = 1
missionCurrentScore = 1047.06653
missionIsStarted = False
missionIsEnded = False
missionHistoryId = 00000000-0000-0000-0000-000000000000
missionExpansionVersion = 
saveMD5 = 
lastWriteTime = 638256955539157698
