vesselCount = 6
UT = 338128130.36036491
gameMode = CAREER
gameNull = False
kspVersion = 1.12.3
funds = 14075.86985409865
science = 13
reputationPercent = 2576
ongoingContracts = 1
missionCurrentScore = 61.8441238
missionIsStarted = False
missionIsEnded = False
missionHistoryId = 00000000-0000-0000-0000-000000000000
missionExpansionVersion = 
saveMD5 = 
lastWriteTime = 638253442714636809
