vesselCount = 10
UT = 427362409.86764288
gameMode = CAREER
gameNull = False
kspVersion = 1.12.3
funds = 4239.0414740363494
science = 48
reputationPercent = 4534
ongoingContracts = 0
missionCurrentScore = 7179.88428
missionIsStarted = False
missionIsEnded = False
missionHistoryId = 00000000-0000-0000-0000-000000000000
missionExpansionVersion = 
saveMD5 = 
lastWriteTime = 638279398649293999
