vesselCount = 0
UT = 159427750.62333596
gameMode = CAREER
gameNull = False
kspVersion = 1.12.3
funds = 77686.558579144359
science = 2
reputationPercent = 302
ongoingContracts = 0
missionCurrentScore = 995.580261
missionIsStarted = False
missionIsEnded = False
missionHistoryId = 00000000-0000-0000-0000-000000000000
missionExpansionVersion = 
saveMD5 = 
lastWriteTime = 638223165853854525
