vesselCount = 1
UT = 365050192.95368147
gameMode = CAREER
gameNull = False
kspVersion = 1.12.3
funds = 14775.042936942829
science = 24
reputationPercent = 3667
ongoingContracts = 2
missionCurrentScore = 1742.31262
missionIsStarted = False
missionIsEnded = False
missionHistoryId = 00000000-0000-0000-0000-000000000000
missionExpansionVersion = 
saveMD5 = 
lastWriteTime = 638259505597691727
