vesselCount = 0
UT = 330496064.33412176
gameMode = CAREER
gameNull = False
kspVersion = 1.12.3
funds = 324.07801717611505
science = 4
reputationPercent = 2185
ongoingContracts = 1
missionCurrentScore = 35.8938141
missionIsStarted = False
missionIsEnded = False
missionHistoryId = 00000000-0000-0000-0000-000000000000
missionExpansionVersion = 
saveMD5 = 
lastWriteTime = 638251753499015161
