vesselCount = 0
UT = 320821619.42696303
gameMode = CAREER
gameNull = False
kspVersion = 1.12.3
funds = 77519.518382486465
science = 4
reputationPercent = 2239
ongoingContracts = 1
missionCurrentScore = 35.8938141
missionIsStarted = False
missionIsEnded = False
missionHistoryId = 00000000-0000-0000-0000-000000000000
missionExpansionVersion = 
saveMD5 = 
lastWriteTime = 638250878092809600
