vesselCount = 4
UT = 413517488.90197378
gameMode = CAREER
gameNull = False
kspVersion = 1.12.3
funds = 1428.0118999854994
science = 38
reputationPercent = 3897
ongoingContracts = 1
missionCurrentScore = 4549.75586
missionIsStarted = False
missionIsEnded = False
missionHistoryId = 00000000-0000-0000-0000-000000000000
missionExpansionVersion = 
saveMD5 = 
lastWriteTime = 638269039725853871
