vesselCount = 2
UT = 361496657.51414746
gameMode = CAREER
gameNull = False
kspVersion = 1.12.3
funds = 13661.973577066105
science = 10
reputationPercent = 3736
ongoingContracts = 0
missionCurrentScore = 1566.84412
missionIsStarted = False
missionIsEnded = False
missionHistoryId = 00000000-0000-0000-0000-000000000000
missionExpansionVersion = 
saveMD5 = 
lastWriteTime = 638258602642155899
