vesselCount = 0
UT = 302916678.32394749
gameMode = CAREER
gameNull = False
kspVersion = 1.12.3
funds = 11228.889306228006
science = 4
reputationPercent = 2307
ongoingContracts = 2
missionCurrentScore = 35.8938141
missionIsStarted = False
missionIsEnded = False
missionHistoryId = 00000000-0000-0000-0000-000000000000
missionExpansionVersion = 
saveMD5 = 
lastWriteTime = 638247469310583227
