vesselCount = 5
UT = 341849801.59748942
gameMode = CAREER
gameNull = False
kspVersion = 1.12.3
funds = 1129.928549595171
science = 20
reputationPercent = 3150
ongoingContracts = 1
missionCurrentScore = 426.505402
missionIsStarted = False
missionIsEnded = False
missionHistoryId = 00000000-0000-0000-0000-000000000000
missionExpansionVersion = 
saveMD5 = 
lastWriteTime = 638255189190757614
