vesselCount = 0
UT = 91625433.343632445
gameMode = CAREER
gameNull = False
kspVersion = 1.12.3
funds = 450.0373203938554
science = 6
reputationPercent = 148
ongoingContracts = 0
missionCurrentScore = 867.70282
missionIsStarted = False
missionIsEnded = False
missionHistoryId = 00000000-0000-0000-0000-000000000000
missionExpansionVersion = 
saveMD5 = 
lastWriteTime = 638220484316125616
