vesselCount = 5
UT = 417625640.75183648
gameMode = CAREER
gameNull = False
kspVersion = 1.12.3
funds = 21418.311634748054
science = 29
reputationPercent = 4012
ongoingContracts = 1
missionCurrentScore = 4706.85547
missionIsStarted = False
missionIsEnded = False
missionHistoryId = 00000000-0000-0000-0000-000000000000
missionExpansionVersion = 
saveMD5 = 
lastWriteTime = 638269914905086374
