vesselCount = 0
UT = 180868897.5694406
gameMode = CAREER
gameNull = False
kspVersion = 1.12.3
funds = 3988.6230470749779
science = 2
reputationPercent = 315
ongoingContracts = 0
missionCurrentScore = 1206.92004
missionIsStarted = False
missionIsEnded = False
missionHistoryId = 00000000-0000-0000-0000-000000000000
missionExpansionVersion = 
saveMD5 = 
lastWriteTime = 638229241868792707
