vesselCount = 0
UT = 289339773.21908998
gameMode = CAREER
gameNull = False
kspVersion = 1.12.3
funds = 22512.543610657136
science = 7
reputationPercent = 1127
ongoingContracts = 0
missionCurrentScore = 1377.05444
missionIsStarted = False
missionIsEnded = False
missionHistoryId = 00000000-0000-0000-0000-000000000000
missionExpansionVersion = 
saveMD5 = 
lastWriteTime = 638244860019349670
