vesselCount = 1
UT = 365052624.96860945
gameMode = CAREER
gameNull = False
kspVersion = 1.12.3
funds = 4679.1097042602541
science = 24
reputationPercent = 3667
ongoingContracts = 2
missionCurrentScore = 1742.31262
missionIsStarted = False
missionIsEnded = False
missionHistoryId = 00000000-0000-0000-0000-000000000000
missionExpansionVersion = 
saveMD5 = 
lastWriteTime = 638260330477387699
