vesselCount = 15
UT = 448072509.50473541
gameMode = CAREER
gameNull = False
kspVersion = 1.12.3
funds = 45598.02647734317
science = 237
reputationPercent = 5061
ongoingContracts = 1
missionCurrentScore = 10284.8994
missionIsStarted = False
missionIsEnded = False
missionHistoryId = 00000000-0000-0000-0000-000000000000
missionExpansionVersion = 
saveMD5 = 
lastWriteTime = 638286298555698050
