vesselCount = 0
UT = 284692947.59774327
gameMode = CAREER
gameNull = False
kspVersion = 1.12.3
funds = 237.71908335664403
science = 12
reputationPercent = 941
ongoingContracts = 1
missionCurrentScore = 248.959808
missionIsStarted = False
missionIsEnded = False
missionHistoryId = 00000000-0000-0000-0000-000000000000
missionExpansionVersion = 
saveMD5 = 
lastWriteTime = 638243976326050501
