vesselCount = 0
UT = 293723907.28202111
gameMode = CAREER
gameNull = False
kspVersion = 1.12.3
funds = 18649.960211480644
science = 7
reputationPercent = 1101
ongoingContracts = 1
missionCurrentScore = 1377.05444
missionIsStarted = False
missionIsEnded = False
missionHistoryId = 00000000-0000-0000-0000-000000000000
missionExpansionVersion = 
saveMD5 = 
lastWriteTime = 638246556766422663
