vesselCount = 5
UT = 419474815.50592029
gameMode = CAREER
gameNull = False
kspVersion = 1.12.3
funds = 613.52773596665497
science = 159
reputationPercent = 4319
ongoingContracts = 1
missionCurrentScore = 5507.72168
missionIsStarted = False
missionIsEnded = False
missionHistoryId = 00000000-0000-0000-0000-000000000000
missionExpansionVersion = 
saveMD5 = 
lastWriteTime = 638271570113429545
