vesselCount = 12
UT = 491265787.50514609
gameMode = CAREER
gameNull = False
kspVersion = 1.12.3
funds = 13383.730612833022
science = 2420
reputationPercent = 7451
ongoingContracts = 2
missionCurrentScore = 683.875671
missionIsStarted = False
missionIsEnded = False
missionHistoryId = 00000000-0000-0000-0000-000000000000
missionExpansionVersion = 
saveMD5 = 
lastWriteTime = 638311319101450935
