vesselCount = 9
UT = 430875970.3961997
gameMode = CAREER
gameNull = False
kspVersion = 1.12.3
funds = 13369.109440994836
science = 73
reputationPercent = 4454
ongoingContracts = 3
missionCurrentScore = 7389.22852
missionIsStarted = False
missionIsEnded = False
missionHistoryId = 00000000-0000-0000-0000-000000000000
missionExpansionVersion = 
saveMD5 = 
lastWriteTime = 638280255432089754
