vesselCount = 17
UT = 477752113.39018685
gameMode = CAREER
gameNull = False
kspVersion = 1.12.3
funds = 107771.38578837902
science = 1741
reputationPercent = 5165
ongoingContracts = 1
missionCurrentScore = 13341.2861
missionIsStarted = False
missionIsEnded = False
missionHistoryId = 00000000-0000-0000-0000-000000000000
missionExpansionVersion = 
saveMD5 = 
lastWriteTime = 638301030078499144
