vesselCount = 6
UT = 422417559.50522852
gameMode = CAREER
gameNull = False
kspVersion = 1.12.3
funds = 7282.7314691066831
science = 54
reputationPercent = 4451
ongoingContracts = 1
missionCurrentScore = 6330.29395
missionIsStarted = False
missionIsEnded = False
missionHistoryId = 00000000-0000-0000-0000-000000000000
missionExpansionVersion = 
saveMD5 = 
lastWriteTime = 638275922505911740
