vesselCount = 1
UT = 248644467.38373697
gameMode = CAREER
gameNull = False
kspVersion = 1.12.3
funds = 696.70970507343975
science = 7
reputationPercent = 635
ongoingContracts = 0
missionCurrentScore = 2067.11865
missionIsStarted = False
missionIsEnded = False
missionHistoryId = 00000000-0000-0000-0000-000000000000
missionExpansionVersion = 
saveMD5 = 
lastWriteTime = 638237913625240424
