vesselCount = 11
UT = 437498128.21197957
gameMode = CAREER
gameNull = False
kspVersion = 1.12.3
funds = 7924.4816190430738
science = 92
reputationPercent = 4594
ongoingContracts = 1
missionCurrentScore = 8092.03076
missionIsStarted = False
missionIsEnded = False
missionHistoryId = 00000000-0000-0000-0000-000000000000
missionExpansionVersion = 
saveMD5 = 
lastWriteTime = 638281980093200536
