vesselCount = 3
UT = 379876668.27106136
gameMode = CAREER
gameNull = False
kspVersion = 1.12.3
funds = 1095.9392879756667
science = 53
reputationPercent = 4235
ongoingContracts = 1
missionCurrentScore = 3649.05249
missionIsStarted = False
missionIsEnded = False
missionHistoryId = 00000000-0000-0000-0000-000000000000
missionExpansionVersion = 
saveMD5 = 
lastWriteTime = 638262097920541775
