vesselCount = 1
UT = 330941348.10178673
gameMode = CAREER
gameNull = False
kspVersion = 1.12.3
funds = 53542.385969819581
science = 6
reputationPercent = 2469
ongoingContracts = 0
missionCurrentScore = 39.3759575
missionIsStarted = False
missionIsEnded = False
missionHistoryId = 00000000-0000-0000-0000-000000000000
missionExpansionVersion = 
saveMD5 = 
lastWriteTime = 638252560962647471
