vesselCount = 0
UT = 289015999.94982594
gameMode = CAREER
gameNull = False
kspVersion = 1.12.3
funds = 19607.166084455504
science = 12
reputationPercent = 1023
ongoingContracts = 1
missionCurrentScore = 864.689392
missionIsStarted = False
missionIsEnded = False
missionHistoryId = 00000000-0000-0000-0000-000000000000
missionExpansionVersion = 
saveMD5 = 
lastWriteTime = 638244842799289664
