vesselCount = 0
UT = 328180838.13421935
gameMode = CAREER
gameNull = False
kspVersion = 1.12.3
funds = 375.88292987265794
science = 4
reputationPercent = 2212
ongoingContracts = 0
missionCurrentScore = 35.8938141
missionIsStarted = False
missionIsEnded = False
missionHistoryId = 00000000-0000-0000-0000-000000000000
missionExpansionVersion = 
saveMD5 = 
lastWriteTime = 638251752141918920
