vesselCount = 0
UT = 298133827.39740849
gameMode = CAREER
gameNull = False
kspVersion = 1.12.3
funds = 5551.8913000692528
science = 4
reputationPercent = 2364
ongoingContracts = 2
missionCurrentScore = 35.8938141
missionIsStarted = False
missionIsEnded = False
missionHistoryId = 00000000-0000-0000-0000-000000000000
missionExpansionVersion = 
saveMD5 = 
lastWriteTime = 638247458291944006
