vesselCount = 0
UT = 52056292.036386088
gameMode = CAREER
gameNull = False
kspVersion = 1.12.3
funds = 31220.838099676421
science = 5
reputationPercent = 39
ongoingContracts = 1
missionCurrentScore = 254.838989
missionIsStarted = False
missionIsEnded = False
missionHistoryId = 00000000-0000-0000-0000-000000000000
missionExpansionVersion = 
saveMD5 = 
lastWriteTime = 638209305674335069
