vesselCount = 0
UT = 121093854.88118306
gameMode = CAREER
gameNull = False
kspVersion = 1.12.3
funds = 2429.0971543191467
science = 3
reputationPercent = 180
ongoingContracts = 1
missionCurrentScore = 323.476013
missionIsStarted = False
missionIsEnded = False
missionHistoryId = 00000000-0000-0000-0000-000000000000
missionExpansionVersion = 
saveMD5 = 
lastWriteTime = 638221319197760222
