vesselCount = 3
UT = 402223512.91344565
gameMode = CAREER
gameNull = False
kspVersion = 1.12.3
funds = 19590.012685090969
science = 37
reputationPercent = 4131
ongoingContracts = 0
missionCurrentScore = 4548.05078
missionIsStarted = False
missionIsEnded = False
missionHistoryId = 00000000-0000-0000-0000-000000000000
missionExpansionVersion = 
saveMD5 = 
lastWriteTime = 638268157050119063
