vesselCount = 1
UT = 349963880.33098233
gameMode = CAREER
gameNull = False
kspVersion = 1.12.3
funds = 852.08306802708182
science = 21
reputationPercent = 3161
ongoingContracts = 1
missionCurrentScore = 892.414673
missionIsStarted = False
missionIsEnded = False
missionHistoryId = 00000000-0000-0000-0000-000000000000
missionExpansionVersion = 
saveMD5 = 
lastWriteTime = 638256043289335966
