vesselCount = 1
UT = 369493134.33871222
gameMode = CAREER
gameNull = False
kspVersion = 1.12.3
funds = 5902.5452852352391
science = 18
reputationPercent = 3585
ongoingContracts = 2
missionCurrentScore = 1799.71765
missionIsStarted = False
missionIsEnded = False
missionHistoryId = 00000000-0000-0000-0000-000000000000
missionExpansionVersion = 
saveMD5 = 
lastWriteTime = 638260356997478168
