vesselCount = 3
UT = 387120600.4622528
gameMode = CAREER
gameNull = False
kspVersion = 1.12.3
funds = 8869.4482986100811
science = 37
reputationPercent = 4465
ongoingContracts = 0
missionCurrentScore = 4548.05078
missionIsStarted = False
missionIsEnded = False
missionHistoryId = 00000000-0000-0000-0000-000000000000
missionExpansionVersion = 
saveMD5 = 
lastWriteTime = 638265515419039079
