vesselCount = 7
UT = 426776343.79268134
gameMode = CAREER
gameNull = False
kspVersion = 1.12.3
funds = 568.10128460278395
science = 22
reputationPercent = 4548
ongoingContracts = 0
missionCurrentScore = 7127.82129
missionIsStarted = False
missionIsEnded = False
missionHistoryId = 00000000-0000-0000-0000-000000000000
missionExpansionVersion = 
saveMD5 = 
lastWriteTime = 638276742597576364
