vesselCount = 0
UT = 144645870.06100264
gameMode = CAREER
gameNull = False
kspVersion = 1.12.3
funds = 42547.564097689028
science = 13
reputationPercent = 264
ongoingContracts = 1
missionCurrentScore = 778.053833
missionIsStarted = False
missionIsEnded = False
missionHistoryId = 00000000-0000-0000-0000-000000000000
missionExpansionVersion = 
saveMD5 = 
lastWriteTime = 638222342613924914
