vesselCount = 3
UT = 376865171.87213612
gameMode = CAREER
gameNull = False
kspVersion = 1.12.3
funds = 2869.8236740608104
science = 34
reputationPercent = 3729
ongoingContracts = 2
missionCurrentScore = 2887.66504
missionIsStarted = False
missionIsEnded = False
missionHistoryId = 00000000-0000-0000-0000-000000000000
missionExpansionVersion = 
saveMD5 = 
lastWriteTime = 638261239600162525
