vesselCount = 4
UT = 417603800.13649827
gameMode = CAREER
gameNull = False
kspVersion = 1.12.3
funds = 21194.235610166223
science = 29
reputationPercent = 4012
ongoingContracts = 1
missionCurrentScore = 4706.45508
missionIsStarted = False
missionIsEnded = False
missionHistoryId = 00000000-0000-0000-0000-000000000000
missionExpansionVersion = 
saveMD5 = 
lastWriteTime = 638269902814289135
