vesselCount = 0
UT = 198368799.54888353
gameMode = CAREER
gameNull = False
kspVersion = 1.12.3
funds = 22238.661971504196
science = 2
reputationPercent = 380
ongoingContracts = 1
missionCurrentScore = 1581.92004
missionIsStarted = False
missionIsEnded = False
missionHistoryId = 00000000-0000-0000-0000-000000000000
missionExpansionVersion = 
saveMD5 = 
lastWriteTime = 638229279672189439
