vesselCount = 3
UT = 363865366.65759873
gameMode = CAREER
gameNull = False
kspVersion = 1.12.3
funds = 6987.4570775065968
science = 16
reputationPercent = 3690
ongoingContracts = 2
missionCurrentScore = 1719.80017
missionIsStarted = False
missionIsEnded = False
missionHistoryId = 00000000-0000-0000-0000-000000000000
missionExpansionVersion = 
saveMD5 = 
lastWriteTime = 638259492339003449
