vesselCount = 3
UT = 411773794.77170068
gameMode = CAREER
gameNull = False
kspVersion = 1.12.3
funds = 6732.8751975966052
science = 37
reputationPercent = 3933
ongoingContracts = 1
missionCurrentScore = 4549.55566
missionIsStarted = False
missionIsEnded = False
missionHistoryId = 00000000-0000-0000-0000-000000000000
missionExpansionVersion = 
saveMD5 = 
lastWriteTime = 638269019202765366
