vesselCount = 0
UT = 258000078.19729602
gameMode = CAREER
gameNull = False
kspVersion = 1.12.3
funds = 5054.6461382680718
science = 2
reputationPercent = 605
ongoingContracts = 1
missionCurrentScore = 2082.34521
missionIsStarted = False
missionIsEnded = False
missionHistoryId = 00000000-0000-0000-0000-000000000000
missionExpansionVersion = 
saveMD5 = 
lastWriteTime = 638239497138551587
