vesselCount = 0
UT = 248615272.20979482
gameMode = CAREER
gameNull = False
kspVersion = 1.12.3
funds = 687.03805901670307
science = 7
reputationPercent = 527
ongoingContracts = 1
missionCurrentScore = 2066.71851
missionIsStarted = False
missionIsEnded = False
missionHistoryId = 00000000-0000-0000-0000-000000000000
missionExpansionVersion = 
saveMD5 = 
lastWriteTime = 638236193298153933
