vesselCount = 0
UT = 278234040.29519117
gameMode = CAREER
gameNull = False
kspVersion = 1.12.3
funds = 568.34515900876431
science = 2
reputationPercent = 706
ongoingContracts = 2
missionCurrentScore = 158.927734
missionIsStarted = False
missionIsEnded = False
missionHistoryId = 00000000-0000-0000-0000-000000000000
missionExpansionVersion = 
saveMD5 = 
lastWriteTime = 638242235806814240
