vesselCount = 5
UT = 341724142.97095644
gameMode = CAREER
gameNull = False
kspVersion = 1.12.3
funds = 844.97032340172393
science = 13
reputationPercent = 3009
ongoingContracts = 1
missionCurrentScore = 282.956604
missionIsStarted = False
missionIsEnded = False
missionHistoryId = 00000000-0000-0000-0000-000000000000
missionExpansionVersion = 
saveMD5 = 
lastWriteTime = 638253451555305521
