vesselCount = 14
UT = 445220619.730232
gameMode = CAREER
gameNull = False
kspVersion = 1.12.3
funds = 20175.046502621128
science = 452
reputationPercent = 4986
ongoingContracts = 2
missionCurrentScore = 9608.61621
missionIsStarted = False
missionIsEnded = False
missionHistoryId = 00000000-0000-0000-0000-000000000000
missionExpansionVersion = 
saveMD5 = 
lastWriteTime = 638285424087586690
