vesselCount = 14
UT = 443048262.38124359
gameMode = CAREER
gameNull = False
kspVersion = 1.12.3
funds = 12785.544287065437
science = 385
reputationPercent = 4465
ongoingContracts = 3
missionCurrentScore = 8677.95313
missionIsStarted = False
missionIsEnded = False
missionHistoryId = 00000000-0000-0000-0000-000000000000
missionExpansionVersion = 
saveMD5 = 
lastWriteTime = 638283697622207651
