vesselCount = 16
UT = 476737959.68101686
gameMode = CAREER
gameNull = False
kspVersion = 1.12.3
funds = 94814.982931537234
science = 1500
reputationPercent = 5193
ongoingContracts = 1
missionCurrentScore = 13100.0811
missionIsStarted = False
missionIsEnded = False
missionHistoryId = 00000000-0000-0000-0000-000000000000
missionExpansionVersion = 
saveMD5 = 
lastWriteTime = 638300161323305700
