vesselCount = 0
UT = 170093959.19588873
gameMode = CAREER
gameNull = False
kspVersion = 1.12.3
funds = 141.2963291724447
science = 2
reputationPercent = 276
ongoingContracts = 1
missionCurrentScore = 995.580261
missionIsStarted = False
missionIsEnded = False
missionHistoryId = 00000000-0000-0000-0000-000000000000
missionExpansionVersion = 
saveMD5 = 
lastWriteTime = 638227550251636796
