vesselCount = 17
UT = 460573048.01803112
gameMode = CAREER
gameNull = False
kspVersion = 1.12.3
funds = 38132.866698811231
science = 352
reputationPercent = 4888
ongoingContracts = 3
missionCurrentScore = 10919.7393
missionIsStarted = False
missionIsEnded = False
missionHistoryId = 00000000-0000-0000-0000-000000000000
missionExpansionVersion = 
saveMD5 = 
lastWriteTime = 638288041514289311
