vesselCount = 12
UT = 439217846.0693543
gameMode = CAREER
gameNull = False
kspVersion = 1.12.3
funds = 8259.8588161970747
science = 238
reputationPercent = 4553
ongoingContracts = 1
missionCurrentScore = 8383.58887
missionIsStarted = False
missionIsEnded = False
missionHistoryId = 00000000-0000-0000-0000-000000000000
missionExpansionVersion = 
saveMD5 = 
lastWriteTime = 638282863994539742
