vesselCount = 0
UT = 157536290.95388424
gameMode = CAREER
gameNull = False
kspVersion = 1.12.3
funds = 72209.610710419176
science = 17
reputationPercent = 290
ongoingContracts = 1
missionCurrentScore = 908.172974
missionIsStarted = False
missionIsEnded = False
missionHistoryId = 00000000-0000-0000-0000-000000000000
missionExpansionVersion = 
saveMD5 = 
lastWriteTime = 638223155790510298
