vesselCount = 12
UT = 491638383.812675
gameMode = CAREER
gameNull = False
kspVersion = 1.12.3
funds = 13234.687401630754
science = 2428
reputationPercent = 7624
ongoingContracts = 1
missionCurrentScore = 1206.10803
missionIsStarted = False
missionIsEnded = False
missionHistoryId = 00000000-0000-0000-0000-000000000000
missionExpansionVersion = 
saveMD5 = 
lastWriteTime = 638311329958754061
