vesselCount = 5
UT = 338132441.61107218
gameMode = CAREER
gameNull = False
kspVersion = 1.12.3
funds = 14077.602258682091
science = 13
reputationPercent = 3066
ongoingContracts = 0
missionCurrentScore = 282.956604
missionIsStarted = False
missionIsEnded = False
missionHistoryId = 00000000-0000-0000-0000-000000000000
missionExpansionVersion = 
saveMD5 = 
lastWriteTime = 638253449704334867
