vesselCount = 3
UT = 376956286.4209013
gameMode = CAREER
gameNull = False
kspVersion = 1.12.3
funds = 4244.4428834732971
science = 34
reputationPercent = 3870
ongoingContracts = 1
missionCurrentScore = 3294.53198
missionIsStarted = False
missionIsEnded = False
missionHistoryId = 00000000-0000-0000-0000-000000000000
missionExpansionVersion = 
saveMD5 = 
lastWriteTime = 638261247709018087
