vesselCount = 2
UT = 354171846.04970676
gameMode = CAREER
gameNull = False
kspVersion = 1.12.3
funds = 4595.6166633874855
science = 43
reputationPercent = 3695
ongoingContracts = 0
missionCurrentScore = 1123.96997
missionIsStarted = False
missionIsEnded = False
missionHistoryId = 00000000-0000-0000-0000-000000000000
missionExpansionVersion = 
saveMD5 = 
lastWriteTime = 638257744111297636
