vesselCount = 2
UT = 185178793.69935119
gameMode = CAREER
gameNull = False
kspVersion = 1.12.3
funds = 59519.873338791935
science = 39
reputationPercent = 1301
ongoingContracts = 0
missionCurrentScore = 0
missionIsStarted = False
missionIsEnded = False
missionHistoryId = 00000000-0000-0000-0000-000000000000
missionExpansionVersion = 
saveMD5 = 
lastWriteTime = 637928622417136609
