vesselCount = 0
UT = 63307789.117516957
gameMode = CAREER
gameNull = False
kspVersion = 1.12.3
funds = 3848.1704686473199
science = 15
reputationPercent = 623
ongoingContracts = 0
missionCurrentScore = 0
missionIsStarted = False
missionIsEnded = False
missionHistoryId = 00000000-0000-0000-0000-000000000000
missionExpansionVersion = 
saveMD5 = 
lastWriteTime = 637917425116407014
