vesselCount = 2
UT = 284498429.40299428
gameMode = CAREER
gameNull = False
kspVersion = 1.12.3
funds = 262921.82746332488
science = 173
reputationPercent = 2120
ongoingContracts = 0
missionCurrentScore = 0
missionIsStarted = False
missionIsEnded = False
missionHistoryId = 00000000-0000-0000-0000-000000000000
missionExpansionVersion = 
saveMD5 = 
lastWriteTime = 637956340790637737
