vesselCount = 2
UT = 222603402.94589636
gameMode = CAREER
gameNull = False
kspVersion = 1.12.3
funds = 57998.112555737192
science = 55
reputationPercent = 1368
ongoingContracts = 0
missionCurrentScore = 0
missionIsStarted = False
missionIsEnded = False
missionHistoryId = 00000000-0000-0000-0000-000000000000
missionExpansionVersion = 
saveMD5 = 
lastWriteTime = 637933821437141625
