vesselCount = 0
UT = 158833771.38125709
gameMode = CAREER
gameNull = False
kspVersion = 1.12.3
funds = 13603.901906293484
science = 34
reputationPercent = 1034
ongoingContracts = 1
missionCurrentScore = 0
missionIsStarted = False
missionIsEnded = False
missionHistoryId = 00000000-0000-0000-0000-000000000000
missionExpansionVersion = 
saveMD5 = 
lastWriteTime = 637924362089371219
