vesselCount = 4
UT = 239432687.70651111
gameMode = CAREER
gameNull = False
kspVersion = 1.12.3
funds = 39625.400657605293
science = 48
reputationPercent = 1744
ongoingContracts = 0
missionCurrentScore = 0
missionIsStarted = False
missionIsEnded = False
missionHistoryId = 00000000-0000-0000-0000-000000000000
missionExpansionVersion = 
saveMD5 = 
lastWriteTime = 637942485153003486
