vesselCount = 2
UT = 176895139.48791558
gameMode = CAREER
gameNull = False
kspVersion = 1.12.3
funds = 97720.936531160609
science = 22
reputationPercent = 1185
ongoingContracts = 0
missionCurrentScore = 0
missionIsStarted = False
missionIsEnded = False
missionHistoryId = 00000000-0000-0000-0000-000000000000
missionExpansionVersion = 
saveMD5 = 
lastWriteTime = 637926100269857203
