vesselCount = 0
UT = 74174787.233751893
gameMode = CAREER
gameNull = False
kspVersion = 1.12.3
funds = 135.12999407020925
science = 27
reputationPercent = 713
ongoingContracts = 0
missionCurrentScore = 0
missionIsStarted = False
missionIsEnded = False
missionHistoryId = 00000000-0000-0000-0000-000000000000
missionExpansionVersion = 
saveMD5 = 
lastWriteTime = 637918292333975036
