vesselCount = 0
UT = 82563735.037894189
gameMode = CAREER
gameNull = False
kspVersion = 1.12.3
funds = 2029.9442929746156
science = 40
reputationPercent = 814
ongoingContracts = 0
missionCurrentScore = 0
missionIsStarted = False
missionIsEnded = False
missionHistoryId = 00000000-0000-0000-0000-000000000000
missionExpansionVersion = 
saveMD5 = 
lastWriteTime = 637920038547779205
