vesselCount = 2
UT = 226764528.66049173
gameMode = CAREER
gameNull = False
kspVersion = 1.12.3
funds = 1441.6915581840551
science = 14
reputationPercent = 1641
ongoingContracts = 0
missionCurrentScore = 0
missionIsStarted = False
missionIsEnded = False
missionHistoryId = 00000000-0000-0000-0000-000000000000
missionExpansionVersion = 
saveMD5 = 
lastWriteTime = 637936456451951768
