vesselCount = 2
UT = 298552947.77744436
gameMode = CAREER
gameNull = False
kspVersion = 1.12.3
funds = 363806.83874316578
science = 105
reputationPercent = 2738
ongoingContracts = 0
missionCurrentScore = 0
missionIsStarted = False
missionIsEnded = False
missionHistoryId = 00000000-0000-0000-0000-000000000000
missionExpansionVersion = 
saveMD5 = 
lastWriteTime = 637961594806578705
