vesselCount = 0
UT = 102774824.64817841
gameMode = CAREER
gameNull = False
kspVersion = 1.12.3
funds = 51496.940582624906
science = 22
reputationPercent = 879
ongoingContracts = 0
missionCurrentScore = 0
missionIsStarted = False
missionIsEnded = False
missionHistoryId = 00000000-0000-0000-0000-000000000000
missionExpansionVersion = 
saveMD5 = 
lastWriteTime = 637921789324539057
