vesselCount = 2
UT = 257209560.2908209
gameMode = CAREER
gameNull = False
kspVersion = 1.12.3
funds = 13273.848342704279
science = 102
reputationPercent = 1729
ongoingContracts = 0
missionCurrentScore = 0
missionIsStarted = False
missionIsEnded = False
missionHistoryId = 00000000-0000-0000-0000-000000000000
missionExpansionVersion = 
saveMD5 = 
lastWriteTime = 637953765258654796
