vesselCount = 2
UT = 289743198.42412359
gameMode = CAREER
gameNull = False
kspVersion = 1.12.3
funds = 313018.02092786471
science = 175
reputationPercent = 2273
ongoingContracts = 0
missionCurrentScore = 0
missionIsStarted = False
missionIsEnded = False
missionHistoryId = 00000000-0000-0000-0000-000000000000
missionExpansionVersion = 
saveMD5 = 
lastWriteTime = 637956355316643765
