vesselCount = 1
UT = 245163166.10399488
gameMode = CAREER
gameNull = False
kspVersion = 1.12.3
funds = 23981.009690683233
science = 61
reputationPercent = 1698
ongoingContracts = 1
missionCurrentScore = 0
missionIsStarted = False
missionIsEnded = False
missionHistoryId = 00000000-0000-0000-0000-000000000000
missionExpansionVersion = 
saveMD5 = 
lastWriteTime = 637945082081702136
