vesselCount = 3
UT = 181151269.06566745
gameMode = CAREER
gameNull = False
kspVersion = 1.12.3
funds = 100872.12426440029
science = 42
reputationPercent = 1185
ongoingContracts = 0
missionCurrentScore = 0
missionIsStarted = False
missionIsEnded = False
missionHistoryId = 00000000-0000-0000-0000-000000000000
missionExpansionVersion = 
saveMD5 = 
lastWriteTime = 637926951855913684
