vesselCount = 0
UT = 79618773.67795679
gameMode = CAREER
gameNull = False
kspVersion = 1.12.3
funds = 8017.3940926555006
science = 35
reputationPercent = 758
ongoingContracts = 0
missionCurrentScore = 0
missionIsStarted = False
missionIsEnded = False
missionHistoryId = 00000000-0000-0000-0000-000000000000
missionExpansionVersion = 
saveMD5 = 
lastWriteTime = 637919133437549081
