vesselCount = 0
UT = 137424772.50166929
gameMode = CAREER
gameNull = False
kspVersion = 1.12.3
funds = 10771.096491832899
science = 26
reputationPercent = 1004
ongoingContracts = 0
missionCurrentScore = 0
missionIsStarted = False
missionIsEnded = False
missionHistoryId = 00000000-0000-0000-0000-000000000000
missionExpansionVersion = 
saveMD5 = 
lastWriteTime = 637923485553284301
