vesselCount = 0
UT = 56398634.361003332
gameMode = CAREER
gameNull = False
kspVersion = 1.12.3
funds = 5736.5243687358534
science = 5
reputationPercent = 593
ongoingContracts = 1
missionCurrentScore = 0
missionIsStarted = False
missionIsEnded = False
missionHistoryId = 00000000-0000-0000-0000-000000000000
missionExpansionVersion = 
saveMD5 = 
lastWriteTime = 637915693221025763
