vesselCount = 1
UT = 256233686.89635235
gameMode = CAREER
gameNull = False
kspVersion = 1.12.3
funds = 19487.694555011614
science = 76
reputationPercent = 1599
ongoingContracts = 1
missionCurrentScore = 0
missionIsStarted = False
missionIsEnded = False
missionHistoryId = 00000000-0000-0000-0000-000000000000
missionExpansionVersion = 
saveMD5 = 
lastWriteTime = 637951181476079232
