vesselCount = 0
UT = 100440124.77443869
gameMode = CAREER
gameNull = False
kspVersion = 1.12.3
funds = 48473.478634480176
science = 22
reputationPercent = 879
ongoingContracts = 0
missionCurrentScore = 0
missionIsStarted = False
missionIsEnded = False
missionHistoryId = 00000000-0000-0000-0000-000000000000
missionExpansionVersion = 
saveMD5 = 
lastWriteTime = 637920868390643365
