vesselCount = 4
UT = 239723427.96668649
gameMode = CAREER
gameNull = False
kspVersion = 1.12.3
funds = 34229.407611618393
science = 48
reputationPercent = 1742
ongoingContracts = 0
missionCurrentScore = 0
missionIsStarted = False
missionIsEnded = False
missionHistoryId = 00000000-0000-0000-0000-000000000000
missionExpansionVersion = 
saveMD5 = 
lastWriteTime = 637943380824362871
