vesselCount = 0
UT = 60015172.389850222
gameMode = CAREER
gameNull = False
kspVersion = 1.12.3
funds = 7412.8111010825487
science = 10
reputationPercent = 614
ongoingContracts = 1
missionCurrentScore = 0
missionIsStarted = False
missionIsEnded = False
missionHistoryId = 00000000-0000-0000-0000-000000000000
missionExpansionVersion = 
saveMD5 = 
lastWriteTime = 637916578591048332
