vesselCount = 1
UT = 241979938.99091831
gameMode = CAREER
gameNull = False
kspVersion = 1.12.3
funds = 5620.9831123857712
science = 56
reputationPercent = 1721
ongoingContracts = 0
missionCurrentScore = 0
missionIsStarted = False
missionIsEnded = False
missionHistoryId = 00000000-0000-0000-0000-000000000000
missionExpansionVersion = 
saveMD5 = 
lastWriteTime = 637944262832436474
