vesselCount = 2
UT = 224697239.97120589
gameMode = CAREER
gameNull = False
kspVersion = 1.12.3
funds = 64183.019802494491
science = 12
reputationPercent = 1659
ongoingContracts = 0
missionCurrentScore = 0
missionIsStarted = False
missionIsEnded = False
missionHistoryId = 00000000-0000-0000-0000-000000000000
missionExpansionVersion = 
saveMD5 = 
lastWriteTime = 637935624001996725
