vesselCount = 0
UT = 69338487.460575253
gameMode = CAREER
gameNull = False
kspVersion = 1.12.3
funds = 7071.3027705148015
science = 30
reputationPercent = 686
ongoingContracts = 0
missionCurrentScore = 0
missionIsStarted = False
missionIsEnded = False
missionHistoryId = 00000000-0000-0000-0000-000000000000
missionExpansionVersion = 
saveMD5 = 
lastWriteTime = 637917480859204016
