vesselCount = 2
UT = 318809783.86872071
gameMode = CAREER
gameNull = False
kspVersion = 1.12.3
funds = 513879.97499102226
science = 22
reputationPercent = 3306
ongoingContracts = 2
missionCurrentScore = 6473.91016
missionIsStarted = False
missionIsEnded = False
missionHistoryId = 00000000-0000-0000-0000-000000000000
missionExpansionVersion = 
saveMD5 = 
lastWriteTime = 638268890438542493
