vesselCount = 2
UT = 293948957.63707042
gameMode = CAREER
gameNull = False
kspVersion = 1.12.3
funds = 324814.38496719283
science = 100
reputationPercent = 2419
ongoingContracts = 1
missionCurrentScore = 0
missionIsStarted = False
missionIsEnded = False
missionHistoryId = 00000000-0000-0000-0000-000000000000
missionExpansionVersion = 
saveMD5 = 
lastWriteTime = 637958066891529388
