vesselCount = 1
UT = 245363951.24716124
gameMode = CAREER
gameNull = False
kspVersion = 1.12.3
funds = 24343.927526895815
science = 62
reputationPercent = 1691
ongoingContracts = 1
missionCurrentScore = 0
missionIsStarted = False
missionIsEnded = False
missionHistoryId = 00000000-0000-0000-0000-000000000000
missionExpansionVersion = 
saveMD5 = 
lastWriteTime = 637945984521049647
