vesselCount = 0
UT = 12281965.36738668
gameMode = CAREER
gameNull = False
kspVersion = 1.12.3
funds = 39041.659247639145
science = 0
reputationPercent = 257
ongoingContracts = 1
missionCurrentScore = 0
missionIsStarted = False
missionIsEnded = False
missionHistoryId = 00000000-0000-0000-0000-000000000000
missionExpansionVersion = 
saveMD5 = 
lastWriteTime = 637912243216054217
