vesselCount = 1
UT = 254502373.46169984
gameMode = CAREER
gameNull = False
kspVersion = 1.12.3
funds = 21582.795208857784
science = 75
reputationPercent = 1613
ongoingContracts = 1
missionCurrentScore = 0
missionIsStarted = False
missionIsEnded = False
missionHistoryId = 00000000-0000-0000-0000-000000000000
missionExpansionVersion = 
saveMD5 = 
lastWriteTime = 637950304444047490
