vesselCount = 2
UT = 310123944.27618778
gameMode = CAREER
gameNull = False
kspVersion = 1.12.3
funds = 524059.13834645023
science = 231
reputationPercent = 3172
ongoingContracts = 1
missionCurrentScore = 5318.58936
missionIsStarted = False
missionIsEnded = False
missionHistoryId = 00000000-0000-0000-0000-000000000000
missionExpansionVersion = 
saveMD5 = 
lastWriteTime = 637966727651646989
