vesselCount = 2
UT = 224684206.17315865
gameMode = CAREER
gameNull = False
kspVersion = 1.12.3
funds = 64119.043653712375
science = 12
reputationPercent = 1661
ongoingContracts = 0
missionCurrentScore = 0
missionIsStarted = False
missionIsEnded = False
missionHistoryId = 00000000-0000-0000-0000-000000000000
missionExpansionVersion = 
saveMD5 = 
lastWriteTime = 637934727910323917
