vesselCount = 2
UT = 316667546.12576407
gameMode = CAREER
gameNull = False
kspVersion = 1.12.3
funds = 523381.79885619855
science = 20
reputationPercent = 3269
ongoingContracts = 1
missionCurrentScore = 6249.17334
missionIsStarted = False
missionIsEnded = False
missionHistoryId = 00000000-0000-0000-0000-000000000000
missionExpansionVersion = 
saveMD5 = 
lastWriteTime = 637985688545312399
