vesselCount = 2
UT = 294271686.11549509
gameMode = CAREER
gameNull = False
kspVersion = 1.12.3
funds = 321252.72468768002
science = 100
reputationPercent = 2479
ongoingContracts = 0
missionCurrentScore = 0
missionIsStarted = False
missionIsEnded = False
missionHistoryId = 00000000-0000-0000-0000-000000000000
missionExpansionVersion = 
saveMD5 = 
lastWriteTime = 637958968058657052
