vesselCount = 0
UT = 45067185.244643755
gameMode = CAREER
gameNull = False
kspVersion = 1.12.3
funds = 10638.088953398479
science = 43
reputationPercent = 333
ongoingContracts = 0
missionCurrentScore = 0
missionIsStarted = False
missionIsEnded = False
missionHistoryId = 00000000-0000-0000-0000-000000000000
missionExpansionVersion = 
saveMD5 = 
lastWriteTime = 637914822463860585
