vesselCount = 3
UT = 234873677.78262699
gameMode = CAREER
gameNull = False
kspVersion = 1.12.3
funds = 88740.827332793342
science = 16
reputationPercent = 1731
ongoingContracts = 1
missionCurrentScore = 0
missionIsStarted = False
missionIsEnded = False
missionHistoryId = 00000000-0000-0000-0000-000000000000
missionExpansionVersion = 
saveMD5 = 
lastWriteTime = 637939927925975223
