vesselCount = 2
UT = 318435593.86962813
gameMode = CAREER
gameNull = False
kspVersion = 1.12.3
funds = 527614.07618387847
science = 22
reputationPercent = 3312
ongoingContracts = 1
missionCurrentScore = 6473.91016
missionIsStarted = False
missionIsEnded = False
missionHistoryId = 00000000-0000-0000-0000-000000000000
missionExpansionVersion = 
saveMD5 = 
lastWriteTime = 637998647227886953
