vesselCount = 2
UT = 314743583.24806917
gameMode = CAREER
gameNull = False
kspVersion = 1.12.3
funds = 495840.46596200217
science = 233
reputationPercent = 3135
ongoingContracts = 2
missionCurrentScore = 5497.57568
missionIsStarted = False
missionIsEnded = False
missionHistoryId = 00000000-0000-0000-0000-000000000000
missionExpansionVersion = 
saveMD5 = 
lastWriteTime = 637979239874360813
