vesselCount = 2
UT = 305604306.79433906
gameMode = CAREER
gameNull = False
kspVersion = 1.12.3
funds = 466093.99773727794
science = 164
reputationPercent = 2884
ongoingContracts = 1
missionCurrentScore = 0
missionIsStarted = False
missionIsEnded = False
missionHistoryId = 00000000-0000-0000-0000-000000000000
missionExpansionVersion = 
saveMD5 = 
lastWriteTime = 637963252539465872
