vesselCount = 2
UT = 306378419.85432208
gameMode = CAREER
gameNull = False
kspVersion = 1.12.3
funds = 469411.99903733615
science = 229
reputationPercent = 3038
ongoingContracts = 1
missionCurrentScore = 0
missionIsStarted = False
missionIsEnded = False
missionHistoryId = 00000000-0000-0000-0000-000000000000
missionExpansionVersion = 
saveMD5 = 
lastWriteTime = 637964130649901345
