vesselCount = 0
UT = 44188790.204564914
gameMode = CAREER
gameNull = False
kspVersion = 1.12.3
funds = 12747.946696819808
science = 42
reputationPercent = 333
ongoingContracts = 0
missionCurrentScore = 0
missionIsStarted = False
missionIsEnded = False
missionHistoryId = 00000000-0000-0000-0000-000000000000
missionExpansionVersion = 
saveMD5 = 
lastWriteTime = 637913974301289030
