vesselCount = 2
UT = 185120015.18265772
gameMode = CAREER
gameNull = False
kspVersion = 1.12.3
funds = 59332.551378252618
science = 39
reputationPercent = 1210
ongoingContracts = 1
missionCurrentScore = 0
missionIsStarted = False
missionIsEnded = False
missionHistoryId = 00000000-0000-0000-0000-000000000000
missionExpansionVersion = 
saveMD5 = 
lastWriteTime = 637927766044150474
