vesselCount = 2
UT = 231703021.46052423
gameMode = CAREER
gameNull = False
kspVersion = 1.12.3
funds = 52869.199974548246
science = 16
reputationPercent = 1753
ongoingContracts = 1
missionCurrentScore = 0
missionIsStarted = False
missionIsEnded = False
missionHistoryId = 00000000-0000-0000-0000-000000000000
missionExpansionVersion = 
saveMD5 = 
lastWriteTime = 637939046267723680
