vesselCount = 0
UT = 122483600.83599043
gameMode = CAREER
gameNull = False
kspVersion = 1.12.3
funds = 268.89821192733598
science = 21
reputationPercent = 922
ongoingContracts = 0
missionCurrentScore = 0
missionIsStarted = False
missionIsEnded = False
missionHistoryId = 00000000-0000-0000-0000-000000000000
missionExpansionVersion = 
saveMD5 = 
lastWriteTime = 637922617028112875
