vesselCount = 2
UT = 231701687.98600751
gameMode = CAREER
gameNull = False
kspVersion = 1.12.3
funds = 52856.045257761689
science = 14
reputationPercent = 1756
ongoingContracts = 1
missionCurrentScore = 0
missionIsStarted = False
missionIsEnded = False
missionHistoryId = 00000000-0000-0000-0000-000000000000
missionExpansionVersion = 
saveMD5 = 
lastWriteTime = 637938171465750879
