vesselCount = 2
UT = 314743556.32809484
gameMode = CAREER
gameNull = False
kspVersion = 1.12.3
funds = 495840.73359019344
science = 233
reputationPercent = 3135
ongoingContracts = 2
missionCurrentScore = 5497.57568
missionIsStarted = False
missionIsEnded = False
missionHistoryId = 00000000-0000-0000-0000-000000000000
missionExpansionVersion = 
saveMD5 = 
lastWriteTime = 637967564529794781
