vesselCount = 2
UT = 290357602.01543993
gameMode = CAREER
gameNull = False
kspVersion = 1.12.3
funds = 312074.40068099991
science = 176
reputationPercent = 2331
ongoingContracts = 0
missionCurrentScore = 0
missionIsStarted = False
missionIsEnded = False
missionHistoryId = 00000000-0000-0000-0000-000000000000
missionExpansionVersion = 
saveMD5 = 
lastWriteTime = 637957198772975060
