vesselCount = 2
UT = 219604918.11683902
gameMode = CAREER
gameNull = False
kspVersion = 1.12.3
funds = 26868.245471817554
science = 53
reputationPercent = 1388
ongoingContracts = 0
missionCurrentScore = 0
missionIsStarted = False
missionIsEnded = False
missionHistoryId = 00000000-0000-0000-0000-000000000000
missionExpansionVersion = 
saveMD5 = 
lastWriteTime = 637932978151951548
