vesselCount = 3
UT = 250918505.74295026
gameMode = CAREER
gameNull = False
kspVersion = 1.12.3
funds = 16498.691600115802
science = 70
reputationPercent = 1648
ongoingContracts = 1
missionCurrentScore = 0
missionIsStarted = False
missionIsEnded = False
missionHistoryId = 00000000-0000-0000-0000-000000000000
missionExpansionVersion = 
saveMD5 = 
lastWriteTime = 637947694712069997
