vesselCount = 0
UT = 159119886.07597589
gameMode = CAREER
gameNull = False
kspVersion = 1.12.3
funds = 12227.170002410197
science = 39
reputationPercent = 1071
ongoingContracts = 0
missionCurrentScore = 0
missionIsStarted = False
missionIsEnded = False
missionHistoryId = 00000000-0000-0000-0000-000000000000
missionExpansionVersion = 
saveMD5 = 
lastWriteTime = 637924366912298150
