vesselCount = 1
UT = 256234181.42540619
gameMode = CAREER
gameNull = False
kspVersion = 1.12.3
funds = 19483.404728340054
science = 76
reputationPercent = 1599
ongoingContracts = 1
missionCurrentScore = 0
missionIsStarted = False
missionIsEnded = False
missionHistoryId = 00000000-0000-0000-0000-000000000000
missionExpansionVersion = 
saveMD5 = 
lastWriteTime = 637952016274066525
