vesselCount = 2
UT = 228838490.85950226
gameMode = CAREER
gameNull = False
kspVersion = 1.12.3
funds = 24177.470621863638
science = 54
reputationPercent = 1774
ongoingContracts = 1
missionCurrentScore = 0
missionIsStarted = False
missionIsEnded = False
missionHistoryId = 00000000-0000-0000-0000-000000000000
missionExpansionVersion = 
saveMD5 = 
lastWriteTime = 637937317561539285
