vesselCount = 2
UT = 284498239.76317513
gameMode = CAREER
gameNull = False
kspVersion = 1.12.3
funds = 387613.05319188157
science = 173
reputationPercent = 2120
ongoingContracts = 0
missionCurrentScore = 0
missionIsStarted = False
missionIsEnded = False
missionHistoryId = 00000000-0000-0000-0000-000000000000
missionExpansionVersion = 
saveMD5 = 
lastWriteTime = 637954618903964173
