vesselCount = 2
UT = 318435363.9498474
gameMode = CAREER
gameNull = False
kspVersion = 1.12.3
funds = 523548.63957850193
science = 22
reputationPercent = 3312
ongoingContracts = 0
missionCurrentScore = 6473.91016
missionIsStarted = False
missionIsEnded = False
missionHistoryId = 00000000-0000-0000-0000-000000000000
missionExpansionVersion = 
saveMD5 = 
lastWriteTime = 637991705855138589
