vesselCount = 3
UT = 235120005.38319719
gameMode = CAREER
gameNull = False
kspVersion = 1.12.3
funds = 62149.75846784476
science = 17
reputationPercent = 1718
ongoingContracts = 1
missionCurrentScore = 0
missionIsStarted = False
missionIsEnded = False
missionHistoryId = 00000000-0000-0000-0000-000000000000
missionExpansionVersion = 
saveMD5 = 
lastWriteTime = 637940825063462689
