vesselCount = 2
UT = 222896162.67196089
gameMode = CAREER
gameNull = False
kspVersion = 1.12.3
funds = 55107.092570765533
science = 128
reputationPercent = 1674
ongoingContracts = 0
missionCurrentScore = 0
missionIsStarted = False
missionIsEnded = False
missionHistoryId = 00000000-0000-0000-0000-000000000000
missionExpansionVersion = 
saveMD5 = 
lastWriteTime = 637933849060309455
