vesselCount = 1
UT = 248559793.16778427
gameMode = CAREER
gameNull = False
kspVersion = 1.12.3
funds = 22787.637334198731
science = 67
reputationPercent = 1664
ongoingContracts = 1
missionCurrentScore = 0
missionIsStarted = False
missionIsEnded = False
missionHistoryId = 00000000-0000-0000-0000-000000000000
missionExpansionVersion = 
saveMD5 = 
lastWriteTime = 637946831226534049
