vesselCount = 2
UT = 302465367.60158485
gameMode = CAREER
gameNull = False
kspVersion = 1.12.3
funds = 406861.80832607939
science = 163
reputationPercent = 2903
ongoingContracts = 1
missionCurrentScore = 0
missionIsStarted = False
missionIsEnded = False
missionHistoryId = 00000000-0000-0000-0000-000000000000
missionExpansionVersion = 
saveMD5 = 
lastWriteTime = 637962388934186146
