vesselCount = 1
UT = 168143180.91664663
gameMode = CAREER
gameNull = False
kspVersion = 1.12.3
funds = 99599.794557850517
science = 13
reputationPercent = 1160
ongoingContracts = 0
missionCurrentScore = 0
missionIsStarted = False
missionIsEnded = False
missionHistoryId = 00000000-0000-0000-0000-000000000000
missionExpansionVersion = 
saveMD5 = 
lastWriteTime = 637925210717780759
