vesselCount = 2
UT = 256875668.84790757
gameMode = CAREER
gameNull = False
kspVersion = 1.12.3
funds = 13442.663836440339
science = 76
reputationPercent = 1594
ongoingContracts = 1
missionCurrentScore = 0
missionIsStarted = False
missionIsEnded = False
missionHistoryId = 00000000-0000-0000-0000-000000000000
missionExpansionVersion = 
saveMD5 = 
lastWriteTime = 637953759169713492
