vesselCount = 3
UT = 210172202.17549762
gameMode = CAREER
gameNull = False
kspVersion = 1.12.3
funds = 8749.0207463924908
science = 16
reputationPercent = 1460
ongoingContracts = 0
missionCurrentScore = 0
missionIsStarted = False
missionIsEnded = False
missionHistoryId = 00000000-0000-0000-0000-000000000000
missionExpansionVersion = 
saveMD5 = 
lastWriteTime = 637931273068323327
