vesselCount = 3
UT = 222664126.53305039
gameMode = CAREER
gameNull = False
kspVersion = 1.12.3
funds = 52643.527331374942
science = 58
reputationPercent = 1501
ongoingContracts = 2
missionCurrentScore = 0
missionIsStarted = False
missionIsEnded = False
missionHistoryId = 00000000-0000-0000-0000-000000000000
missionExpansionVersion = 
saveMD5 = 
lastWriteTime = 637933844428111016
