vesselCount = 2
UT = 245159994.18255854
gameMode = CAREER
gameNull = False
kspVersion = 1.12.3
funds = 23963.636772123959
science = 60
reputationPercent = 1700
ongoingContracts = 1
missionCurrentScore = 0
missionIsStarted = False
missionIsEnded = False
missionHistoryId = 00000000-0000-0000-0000-000000000000
missionExpansionVersion = 
saveMD5 = 
lastWriteTime = 637945077856737701
