vesselCount = 3
UT = 289741806.34822762
gameMode = CAREER
gameNull = False
kspVersion = 1.12.3
funds = 311395.52662433975
science = 175
reputationPercent = 2064
ongoingContracts = 2
missionCurrentScore = 0
missionIsStarted = False
missionIsEnded = False
missionHistoryId = 00000000-0000-0000-0000-000000000000
missionExpansionVersion = 
saveMD5 = 
lastWriteTime = 637956349714117853
