vesselCount = 5
UT = 239202253.27762738
gameMode = CAREER
gameNull = False
kspVersion = 1.12.3
funds = 39323.712061888953
science = 32
reputationPercent = 1679
ongoingContracts = 1
missionCurrentScore = 0
missionIsStarted = False
missionIsEnded = False
missionHistoryId = 00000000-0000-0000-0000-000000000000
missionExpansionVersion = 
saveMD5 = 
lastWriteTime = 637942482094732354
