vesselCount = 3
UT = 228836466.54603377
gameMode = CAREER
gameNull = False
kspVersion = 1.12.3
funds = 23479.063508576917
science = 14
reputationPercent = 1625
ongoingContracts = 2
missionCurrentScore = 0
missionIsStarted = False
missionIsEnded = False
missionHistoryId = 00000000-0000-0000-0000-000000000000
missionExpansionVersion = 
saveMD5 = 
lastWriteTime = 637937306269678220
