vesselCount = 3
UT = 261703007.70348382
gameMode = CAREER
gameNull = False
kspVersion = 1.12.3
funds = 13776.034852000039
science = 137
reputationPercent = 1689
ongoingContracts = 0
missionCurrentScore = 0
missionIsStarted = False
missionIsEnded = False
missionHistoryId = 00000000-0000-0000-0000-000000000000
missionExpansionVersion = 
saveMD5 = 
lastWriteTime = 637954608005658806
