vesselCount = 2
UT = 203212110.70219269
gameMode = CAREER
gameNull = False
kspVersion = 1.12.3
funds = 58943.999969621538
science = 43
reputationPercent = 1391
ongoingContracts = 0
missionCurrentScore = 0
missionIsStarted = False
missionIsEnded = False
missionHistoryId = 00000000-0000-0000-0000-000000000000
missionExpansionVersion = 
saveMD5 = 
lastWriteTime = 637929551630081395
