vesselCount = 2
UT = 261339485.23950148
gameMode = CAREER
gameNull = False
kspVersion = 1.12.3
funds = 12997.718547243867
science = 136
reputationPercent = 1692
ongoingContracts = 0
missionCurrentScore = 0
missionIsStarted = False
missionIsEnded = False
missionHistoryId = 00000000-0000-0000-0000-000000000000
missionExpansionVersion = 
saveMD5 = 
lastWriteTime = 637954591427216384
