vesselCount = 2
UT = 183717434.01908505
gameMode = CAREER
gameNull = False
kspVersion = 1.12.3
funds = 56657.300646307041
science = 43
reputationPercent = 1210
ongoingContracts = 0
missionCurrentScore = 0
missionIsStarted = False
missionIsEnded = False
missionHistoryId = 00000000-0000-0000-0000-000000000000
missionExpansionVersion = 
saveMD5 = 
lastWriteTime = 637927761583122470
