vesselCount = 2
UT = 294264610.15695679
gameMode = CAREER
gameNull = False
kspVersion = 1.12.3
funds = 319358.84715032624
science = 100
reputationPercent = 2413
ongoingContracts = 1
missionCurrentScore = 0
missionIsStarted = False
missionIsEnded = False
missionHistoryId = 00000000-0000-0000-0000-000000000000
missionExpansionVersion = 
saveMD5 = 
lastWriteTime = 637958961867389358
