vesselCount = 0
UT = 45066115.184618719
gameMode = CAREER
gameNull = False
kspVersion = 1.12.3
funds = 10522.948919025557
science = 42
reputationPercent = 333
ongoingContracts = 0
missionCurrentScore = 0
missionIsStarted = False
missionIsEnded = False
missionHistoryId = 00000000-0000-0000-0000-000000000000
missionExpansionVersion = 
saveMD5 = 
lastWriteTime = 637914817018823979
