vesselCount = 2
UT = 284498547.16288197
gameMode = CAREER
gameNull = False
kspVersion = 1.12.3
funds = 262922.47693104582
science = 173
reputationPercent = 2120
ongoingContracts = 2
missionCurrentScore = 0
missionIsStarted = False
missionIsEnded = False
missionHistoryId = 00000000-0000-0000-0000-000000000000
missionExpansionVersion = 
saveMD5 = 
lastWriteTime = 637956343239649681
