vesselCount = 0
UT = 56397444.844765224
gameMode = CAREER
gameNull = False
kspVersion = 1.12.3
funds = 5731.4195053004296
science = 5
reputationPercent = 391
ongoingContracts = 2
missionCurrentScore = 0
missionIsStarted = False
missionIsEnded = False
missionHistoryId = 00000000-0000-0000-0000-000000000000
missionExpansionVersion = 
saveMD5 = 
lastWriteTime = 637915683002766187
