vesselCount = 2
UT = 290356064.38061517
gameMode = CAREER
gameNull = False
kspVersion = 1.12.3
funds = 312057.22848517308
science = 176
reputationPercent = 2265
ongoingContracts = 1
missionCurrentScore = 0
missionIsStarted = False
missionIsEnded = False
missionHistoryId = 00000000-0000-0000-0000-000000000000
missionExpansionVersion = 
saveMD5 = 
lastWriteTime = 637957190792789240
