vesselCount = 2
UT = 234862293.48058969
gameMode = CAREER
gameNull = False
kspVersion = 1.12.3
funds = 88606.172194733095
science = 16
reputationPercent = 1734
ongoingContracts = 1
missionCurrentScore = 0
missionIsStarted = False
missionIsEnded = False
missionHistoryId = 00000000-0000-0000-0000-000000000000
missionExpansionVersion = 
saveMD5 = 
lastWriteTime = 637939921411207124
