vesselCount = 2
UT = 181048462.71286798
gameMode = CAREER
gameNull = False
kspVersion = 1.12.3
funds = 100549.06194756406
science = 25
reputationPercent = 1185
ongoingContracts = 0
missionCurrentScore = 0
missionIsStarted = False
missionIsEnded = False
missionHistoryId = 00000000-0000-0000-0000-000000000000
missionExpansionVersion = 
saveMD5 = 
lastWriteTime = 637926941784184304
