vesselCount = 2
UT = 262045367.30477923
gameMode = CAREER
gameNull = False
kspVersion = 1.12.3
funds = 15106.748743963897
science = 152
reputationPercent = 2380
ongoingContracts = 0
missionCurrentScore = 0
missionIsStarted = False
missionIsEnded = False
missionHistoryId = 00000000-0000-0000-0000-000000000000
missionExpansionVersion = 
saveMD5 = 
lastWriteTime = 637954614731265704
