vesselCount = 1
UT = 256232236.70177454
gameMode = CAREER
gameNull = False
kspVersion = 1.12.3
funds = 19485.078212924396
science = 76
reputationPercent = 1599
ongoingContracts = 1
missionCurrentScore = 0
missionIsStarted = False
missionIsEnded = False
missionHistoryId = 00000000-0000-0000-0000-000000000000
missionExpansionVersion = 
saveMD5 = 
lastWriteTime = 637951169489440026
