vesselCount = 2
UT = 206313386.1336154
gameMode = CAREER
gameNull = False
kspVersion = 1.12.3
funds = 98090.047703163305
science = 43
reputationPercent = 1391
ongoingContracts = 1
missionCurrentScore = 0
missionIsStarted = False
missionIsEnded = False
missionHistoryId = 00000000-0000-0000-0000-000000000000
missionExpansionVersion = 
saveMD5 = 
lastWriteTime = 637929559815235087
