vesselCount = 1
UT = 172400654.44992545
gameMode = CAREER
gameNull = False
kspVersion = 1.12.3
funds = 99819.227765204778
science = 17
reputationPercent = 1160
ongoingContracts = 0
missionCurrentScore = 0
missionIsStarted = False
missionIsEnded = False
missionHistoryId = 00000000-0000-0000-0000-000000000000
missionExpansionVersion = 
saveMD5 = 
lastWriteTime = 637926080116767374
