vesselCount = 3
UT = 237451339.22171986
gameMode = CAREER
gameNull = False
kspVersion = 1.12.3
funds = 46778.084327365767
science = 25
reputationPercent = 1697
ongoingContracts = 1
missionCurrentScore = 0
missionIsStarted = False
missionIsEnded = False
missionHistoryId = 00000000-0000-0000-0000-000000000000
missionExpansionVersion = 
saveMD5 = 
lastWriteTime = 637941646932403760
