vesselCount = 2
UT = 298472114.81914145
gameMode = CAREER
gameNull = False
kspVersion = 1.12.3
funds = 360552.25470223441
science = 102
reputationPercent = 2427
ongoingContracts = 1
missionCurrentScore = 0
missionIsStarted = False
missionIsEnded = False
missionHistoryId = 00000000-0000-0000-0000-000000000000
missionExpansionVersion = 
saveMD5 = 
lastWriteTime = 637961584652528960
