vesselCount = 0
UT = 25824780.644953098
gameMode = CAREER
gameNull = False
kspVersion = 1.12.3
funds = 27197.928988950564
science = 1
reputationPercent = 272
ongoingContracts = 1
missionCurrentScore = 0
missionIsStarted = False
missionIsEnded = False
missionHistoryId = 00000000-0000-0000-0000-000000000000
missionExpansionVersion = 
saveMD5 = 
lastWriteTime = 637913080630557841
