vesselCount = 2
UT = 219603538.57407233
gameMode = CAREER
gameNull = False
kspVersion = 1.12.3
funds = 26853.114416744236
science = 51
reputationPercent = 1389
ongoingContracts = 0
missionCurrentScore = 0
missionIsStarted = False
missionIsEnded = False
missionHistoryId = 00000000-0000-0000-0000-000000000000
missionExpansionVersion = 
saveMD5 = 
lastWriteTime = 637932968771915366
