vesselCount = 0
UT = 120842394.24418284
gameMode = CAREER
gameNull = False
kspVersion = 1.12.3
funds = 47359.761258257284
science = 14
reputationPercent = 899
ongoingContracts = 0
missionCurrentScore = 0
missionIsStarted = False
missionIsEnded = False
missionHistoryId = 00000000-0000-0000-0000-000000000000
missionExpansionVersion = 
saveMD5 = 
lastWriteTime = 637922604318953079
