vesselCount = 2
UT = 221517040.53583598
gameMode = CAREER
gameNull = False
kspVersion = 1.12.3
funds = 46628.526328117659
science = 53
reputationPercent = 1376
ongoingContracts = 0
missionCurrentScore = 0
missionIsStarted = False
missionIsEnded = False
missionHistoryId = 00000000-0000-0000-0000-000000000000
missionExpansionVersion = 
saveMD5 = 
lastWriteTime = 637933809556401287
