vesselCount = 2
UT = 301192463.59661543
gameMode = CAREER
gameNull = False
kspVersion = 1.12.3
funds = 396773.85958692303
science = 106
reputationPercent = 2701
ongoingContracts = 2
missionCurrentScore = 0
missionIsStarted = False
missionIsEnded = False
missionHistoryId = 00000000-0000-0000-0000-000000000000
missionExpansionVersion = 
saveMD5 = 
lastWriteTime = 637962374942236451
