vesselCount = 2
UT = 231701639.90598172
gameMode = CAREER
gameNull = False
kspVersion = 1.12.3
funds = 52855.38719270008
science = 14
reputationPercent = 1757
ongoingContracts = 1
missionCurrentScore = 0
missionIsStarted = False
missionIsEnded = False
missionHistoryId = 00000000-0000-0000-0000-000000000000
missionExpansionVersion = 
saveMD5 = 
lastWriteTime = 637938163667544594
