vesselCount = 1
UT = 245128854.36025015
gameMode = CAREER
gameNull = False
kspVersion = 1.12.3
funds = 23736.691221846926
science = 59
reputationPercent = 1702
ongoingContracts = 1
missionCurrentScore = 0
missionIsStarted = False
missionIsEnded = False
missionHistoryId = 00000000-0000-0000-0000-000000000000
missionExpansionVersion = 
saveMD5 = 
lastWriteTime = 637945068008915239
