vesselCount = 3
UT = 238549218.03467217
gameMode = CAREER
gameNull = False
kspVersion = 1.12.3
funds = 38486.895400670372
science = 30
reputationPercent = 1685
ongoingContracts = 1
missionCurrentScore = 0
missionIsStarted = False
missionIsEnded = False
missionHistoryId = 00000000-0000-0000-0000-000000000000
missionExpansionVersion = 
saveMD5 = 
lastWriteTime = 637942474021676450
