vesselCount = 2
UT = 313851833.32833433
gameMode = CAREER
gameNull = False
kspVersion = 1.12.3
funds = 593660.02555840404
science = 233
reputationPercent = 3151
ongoingContracts = 2
missionCurrentScore = 5496.98535
missionIsStarted = False
missionIsEnded = False
missionHistoryId = 00000000-0000-0000-0000-000000000000
missionExpansionVersion = 
saveMD5 = 
lastWriteTime = 637967561577214004
