vesselCount = 4
UT = 241978303.60756817
gameMode = CAREER
gameNull = False
kspVersion = 1.12.3
funds = 5648.0131473602341
science = 54
reputationPercent = 1724
ongoingContracts = 0
missionCurrentScore = 0
missionIsStarted = False
missionIsEnded = False
missionHistoryId = 00000000-0000-0000-0000-000000000000
missionExpansionVersion = 
saveMD5 = 
lastWriteTime = 637944251884454713
