vesselCount = 2
UT = 226763429.4506073
gameMode = CAREER
gameNull = False
kspVersion = 1.12.3
funds = 1432.3751612373751
science = 12
reputationPercent = 1642
ongoingContracts = 0
missionCurrentScore = 0
missionIsStarted = False
missionIsEnded = False
missionHistoryId = 00000000-0000-0000-0000-000000000000
missionExpansionVersion = 
saveMD5 = 
lastWriteTime = 637936446626666833
