vesselCount = 2
UT = 306339718.78786904
gameMode = CAREER
gameNull = False
kspVersion = 1.12.3
funds = 467457.23343580397
science = 164
reputationPercent = 2873
ongoingContracts = 2
missionCurrentScore = 0
missionIsStarted = False
missionIsEnded = False
missionHistoryId = 00000000-0000-0000-0000-000000000000
missionExpansionVersion = 
saveMD5 = 
lastWriteTime = 637964118909716036
