vesselCount = 0
UT = 70218009.787704378
gameMode = CAREER
gameNull = False
kspVersion = 1.12.3
funds = 8638.8111063600172
science = 30
reputationPercent = 686
ongoingContracts = 1
missionCurrentScore = 0
missionIsStarted = False
missionIsEnded = False
missionHistoryId = 00000000-0000-0000-0000-000000000000
missionExpansionVersion = 
saveMD5 = 
lastWriteTime = 637918261467723576
