vesselCount = 2
UT = 224684131.61311865
gameMode = CAREER
gameNull = False
kspVersion = 1.12.3
funds = 64118.995703084336
science = 12
reputationPercent = 1663
ongoingContracts = 0
missionCurrentScore = 0
missionIsStarted = False
missionIsEnded = False
missionHistoryId = 00000000-0000-0000-0000-000000000000
missionExpansionVersion = 
saveMD5 = 
lastWriteTime = 637934725609677828
