vesselCount = 1
UT = 256849085.57060376
gameMode = CAREER
gameNull = False
kspVersion = 1.12.3
funds = 13401.705659944242
science = 76
reputationPercent = 1594
ongoingContracts = 1
missionCurrentScore = 0
missionIsStarted = False
missionIsEnded = False
missionHistoryId = 00000000-0000-0000-0000-000000000000
missionExpansionVersion = 
saveMD5 = 
lastWriteTime = 637953745652757369
