vesselCount = 0
UT = 81257842.103970319
gameMode = CAREER
gameNull = False
kspVersion = 1.12.3
funds = 9213.6402171208538
science = 36
reputationPercent = 777
ongoingContracts = 1
missionCurrentScore = 0
missionIsStarted = False
missionIsEnded = False
missionHistoryId = 00000000-0000-0000-0000-000000000000
missionExpansionVersion = 
saveMD5 = 
lastWriteTime = 637920027249092899
