vesselCount = 0
UT = 60013994.340901971
gameMode = CAREER
gameNull = False
kspVersion = 1.12.3
funds = 7413.1381203890551
science = 10
reputationPercent = 614
ongoingContracts = 2
missionCurrentScore = 0
missionIsStarted = False
missionIsEnded = False
missionHistoryId = 00000000-0000-0000-0000-000000000000
missionExpansionVersion = 
saveMD5 = 
lastWriteTime = 637916569153764100
