vesselCount = 2
UT = 210171670.02256021
gameMode = CAREER
gameNull = False
kspVersion = 1.12.3
funds = 8750.1172560977739
science = 16
reputationPercent = 1462
ongoingContracts = 0
missionCurrentScore = 0
missionIsStarted = False
missionIsEnded = False
missionHistoryId = 00000000-0000-0000-0000-000000000000
missionExpansionVersion = 
saveMD5 = 
lastWriteTime = 637931261594988696
