vesselCount = 2
UT = 216914317.06379658
gameMode = CAREER
gameNull = False
kspVersion = 1.12.3
funds = 54409.200676733031
science = 26
reputationPercent = 1415
ongoingContracts = 0
missionCurrentScore = 0
missionIsStarted = False
missionIsEnded = False
missionHistoryId = 00000000-0000-0000-0000-000000000000
missionExpansionVersion = 
saveMD5 = 
lastWriteTime = 637932122258976277
