vesselCount = 0
UT = 168086684.63331309
gameMode = CAREER
gameNull = False
kspVersion = 1.12.3
funds = 108436.768661055
science = 40
reputationPercent = 1135
ongoingContracts = 1
missionCurrentScore = 0
missionIsStarted = False
missionIsEnded = False
missionHistoryId = 00000000-0000-0000-0000-000000000000
missionExpansionVersion = 
saveMD5 = 
lastWriteTime = 637925201505661347
