vesselCount = 0
UT = 137423326.22125638
gameMode = CAREER
gameNull = False
kspVersion = 1.12.3
funds = 10241.462908583468
science = 21
reputationPercent = 922
ongoingContracts = 0
missionCurrentScore = 0
missionIsStarted = False
missionIsEnded = False
missionHistoryId = 00000000-0000-0000-0000-000000000000
missionExpansionVersion = 
saveMD5 = 
lastWriteTime = 637923481052174034
