vesselCount = 2
UT = 318434509.53815424
gameMode = CAREER
gameNull = False
kspVersion = 1.12.3
funds = 523482.260473851
science = 22
reputationPercent = 3286
ongoingContracts = 1
missionCurrentScore = 6473.91016
missionIsStarted = False
missionIsEnded = False
missionHistoryId = 00000000-0000-0000-0000-000000000000
missionExpansionVersion = 
saveMD5 = 
lastWriteTime = 637991698720483959
