vesselCount = 2
UT = 228747187.90334126
gameMode = CAREER
gameNull = False
kspVersion = 1.12.3
funds = 22311.186814340785
science = 14
reputationPercent = 1625
ongoingContracts = 2
missionCurrentScore = 0
missionIsStarted = False
missionIsEnded = False
missionHistoryId = 00000000-0000-0000-0000-000000000000
missionExpansionVersion = 
saveMD5 = 
lastWriteTime = 637937299911303690
