vesselCount = 0
UT = 79617649.03215915
gameMode = CAREER
gameNull = False
kspVersion = 1.12.3
funds = 8017.3397830163321
science = 32
reputationPercent = 713
ongoingContracts = 1
missionCurrentScore = 0
missionIsStarted = False
missionIsEnded = False
missionHistoryId = 00000000-0000-0000-0000-000000000000
missionExpansionVersion = 
saveMD5 = 
lastWriteTime = 637919123354528300
