vesselCount = 1
UT = 256234087.36535573
gameMode = CAREER
gameNull = False
kspVersion = 1.12.3
funds = 19482.513185505053
science = 76
reputationPercent = 1599
ongoingContracts = 1
missionCurrentScore = 0
missionIsStarted = False
missionIsEnded = False
missionHistoryId = 00000000-0000-0000-0000-000000000000
missionExpansionVersion = 
saveMD5 = 
lastWriteTime = 637952015323000949
