vesselCount = 2
UT = 310052543.37623495
gameMode = CAREER
gameNull = False
kspVersion = 1.12.3
funds = 528383.63479493442
science = 230
reputationPercent = 3009
ongoingContracts = 2
missionCurrentScore = 4567.23438
missionIsStarted = False
missionIsEnded = False
missionHistoryId = 00000000-0000-0000-0000-000000000000
missionExpansionVersion = 
saveMD5 = 
lastWriteTime = 637966719308396957
