vesselCount = 2
UT = 217341664.8008709
gameMode = CAREER
gameNull = False
kspVersion = 1.12.3
funds = 61161.184730841029
science = 26
reputationPercent = 1410
ongoingContracts = 0
missionCurrentScore = 0
missionIsStarted = False
missionIsEnded = False
missionHistoryId = 00000000-0000-0000-0000-000000000000
missionExpansionVersion = 
saveMD5 = 
lastWriteTime = 637932124897344070
