vesselCount = 0
UT = 92704786.329421848
gameMode = CAREER
gameNull = False
kspVersion = 1.12.3
funds = 6491.9691483670977
science = 22
reputationPercent = 879
ongoingContracts = 0
missionCurrentScore = 0
missionIsStarted = False
missionIsEnded = False
missionHistoryId = 00000000-0000-0000-0000-000000000000
missionExpansionVersion = 
saveMD5 = 
lastWriteTime = 637920860546304778
