vesselCount = 2
UT = 208274622.52220941
gameMode = CAREER
gameNull = False
kspVersion = 1.12.3
funds = 8151.5662339666942
science = 53
reputationPercent = 1451
ongoingContracts = 0
missionCurrentScore = 0
missionIsStarted = False
missionIsEnded = False
missionHistoryId = 00000000-0000-0000-0000-000000000000
missionExpansionVersion = 
saveMD5 = 
lastWriteTime = 637930381204713191
